01ea
1378
0004
0000
565e
2516
cefd
9257
0300
0000
0300
0000
0300
0000
0300
0000
0300
0000
0100
0000
0707
5245
460d
0a03
5245
465f
4d41
580d
0a03
545f
4143
454c
0d0a
0354
5f44
4553
4143
0d0a
0354
5f42
4153
450d
0a03
4841
4249
4c49
540d
0a01
4c41
4444
4552
0d0a
0153
4149
4441
0d0a
0356
5f41
4449
430d
0a03
565f
5355
4254
0d0a
0341
5558
5f54
310d
0a02
4155
585f
5432
0d0a
0250
554c
534f
0d0a
0161
7578
0d0a
0300
0000
0000
0000
0000
0000
0000
0000
0000
0000
0000
0000
0000
0000
0000
0000
0000
d59f
1b3e
5249
9452
0000
0100
0100
0100
0100
0518
0000
0000
0e00
0000
0000
00f0
3f0b
0000
0000
0000
0000
0000
0000
0e0e
0106
0100
0100
0100
0400
0e36
0d0a
0000
0000
0000
0000
0006
0600
0000
0000
0000
0000
0000
0000
0000
0006
0600
0000
0000
0000
0001
0001
0001
0001
0005
1801
0000
000b
0000
0000
c0ff
df40
0b00
0000
0000
0000
0001
0000
000e
0e01
0601
0001
0001
0004
000e
360d
0a00
0000
0000
0000
0000
0606
0000
0000
0000
0000
0000
0000
0000
0000
0606
0000
0000
0000
0000
0100
0100
0100
0100
0518
0200
0000
0b00
0000
0000
70a7
400b
0000
00a0
9999
b93f
0200
0000
0e0e
0106
0100
0100
0100
0400
0e36
0d0a
0000
0000
0000
0000
0006
0600
0000
0000
0000
0000
0000
0000
0000
0006
0600
0000
0000
0000
0001
0001
0001
0001
0005
1803
0000
000b
0000
0000
0070
a740
0b00
0000
a099
99b9
3f03
0000
000e
0e01
0601
0001
0001
0004
000e
360d
0a00
0000
0000
0000
0000
0606
0000
0000
0000
0000
0000
0000
0000
0000
0606
0000
0000
0000
0000
0100
0100
0100
0100
0518
0400
0000
0b00
0000
0000
00f0
3f0b
0000
0040
e17a
843f
0400
0000
0e0e
0106
0100
0100
0100
0400
0e36
0d0a
0000
0000
0000
0000
0006
0600
0000
0000
0000
0000
0000
0000
0000
0006
0600
0000
0000
0000
0020
0000
004c
494d
4954
4520
444f
5320
5041
52c2
4d45
5452
4f53
2044
4520
454e
5452
4144
4100
0000
0002
2000
0000
5641
4c4f
5220
4120
5345
5220
4144
4943
494f
4e41
444f
2050
4f52
2043
4943
4c4f
0606
0606
0606
0606
0602
2600
0000
565f
4144
4943
203d
2028
2052
4546
5f4d
4158
202f
2054
5f41
4345
4c20
2920
7820
545f
4241
5345
0606
0606
0606
0606
0601
0001
0005
1504
0000
000e
0000
0000
0000
f03f
0e00
0000
0000
0000
4011
0000
0001
ff00
0000
000e
ff00
0000
00ff
0000
0000
ff00
0000
0006
0100
0100
0515
0300
0000
0e00
0000
0000
0031
400e
0000
0000
0000
1040
1100
0000
01ff
0000
0000
0eff
0000
0000
ff00
0000
00ff
0000
0000
0601
0004
000e
360d
0a00
0000
0000
0606
0000
0000
0606
0000
0000
0000
0000
0606
0000
0000
0606
0000
0000
0000
0000
0000
0000
0000
0000
0000
0000
0000
0000
021f
0000
0056
414c
4f52
2041
2053
4552
2053
5542
5452
4149
444f
2050
4f52
2043
4943
4c4f
0606
0606
0606
0606
0602
2700
0000
565f
5355
4254
203d
2028
2052
4546
5f4d
4158
202f
2054
5f44
4553
4143
2029
2078
2054
5f42
4153
4506
0606
0606
0606
0606
0100
0100
0515
0400
0000
0e00
0000
0000
00f0
3f0e
0000
0000
0000
0840
1200
0000
01ff
0000
0000
0eff
0000
0000
ff00
0000
00ff
0000
0000
0601
0001
0005
1503
0000
000e
0000
0000
0000
3240
0e00
0000
0000
0010
4012
0000
0001
ff00
0000
000e
ff00
0000
00ff
0000
0000
ff00
0000
0006
0100
0400
0e36
0d0a
0000
0000
0006
0600
0000
0006
0600
0000
0000
0000
0006
0600
0000
0006
0600
0000
0000
0000
0000
0000
0000
0000
0000
0000
0000
0000
0000
0000
0000
0000
0000
0000
0000
0000
0000
0000
0000
0000
0000
0000
0000
0000
0000
0000
0000
0000
0000
0000
0000
0000
0000
0000
0000
0000
0000
0000
002e
0000
0043
c14c
4355
4c4f
2044
4f53
2056
414c
4f52
4553
2044
4520
494e
4352
454d
454e
544f
2045
2044
4543
5245
4d45
4e54
4f00
0000
0002
4700
0000
5445
4d50
4f52
4941
444f
5220
5155
4520
4745
5241
204f
5320
5055
4c53
4f53
2050
4152
4120
4f20
494e
4352
454d
454e
544f
204f
5520
4445
4352
454d
454e
544f
2044
4120
5341
cd44
4106
0606
0606
0606
0606
0100
0100
0515
0300
0000
0e00
0000
0000
0010
400b
0000
0000
0000
2440
1600
0000
01ff
0000
0000
0eff
0000
0000
ff00
0000
00ff
0000
0000
0601
0001
0005
140e
1300
0000
0600
0000
000e
0000
0000
0000
3640
0006
0100
0400
0e36
0d0a
0000
0000
0006
0600
0000
0006
0600
0000
0000
0000
0006
0600
0000
0000
0000
0000
0000
0000
0000
0000
0000
0000
0000
0000
0000
0000
0000
0003
0001
0e32
310d
0a01
0003
0000
0e35
0d0a
0100
0505
1300
0000
3230
0d0a
0e0e
0100
0006
0100
0100
0100
0400
0e32
310d
0a00
0000
0000
0000
0000
0606
0000
0000
0000
0000
0000
0000
0000
0000
0000
0000
0000
0000
0000
0000
0000
0000
0000
0000
0000
0000
0000
0000
0000
0000
0000
0000
0000
0000
0000
0000
0000
0000
0000
0000
0000
0000
0000
0000
0000
0000
0000
0000
0000
0000
0000
0000
0000
0000
0000
0000
0000
0000
0000
0000
0000
0000
0000
0000
0000
0000
0000
0000
0000
0000
0000
0000
0000
0000
0000
0000
0000
0000
0000
0000
0000
0000
0000
0000
0000
0000
0000
0000
0000
0000
1e00
0000
43c1
4c43
554c
4f20
444f
2054
454d
504f
2044
4520
494e
4352
454d
454e
544f
0000
0000
0219
0000
0044
4543
5245
4d45
4e54
4120
5341
cd44
4120
4441
2052
414d
5041
0606
0606
0606
0606
0603
0000
0e32
310d
0a05
1603
0000
000e
0000
0000
0000
3040
0e00
0000
0000
0000
0001
0601
0005
1502
0000
000e
0000
0000
0000
3040
0e00
0000
0000
0032
4010
0000
0001
ff00
0000
000e
ff00
0000
00ff
0000
0000
ff00
0000
0006
0100
0518
1000
0000
0e00
0000
0000
00f0
3f0e
0000
0000
0000
0000
1000
0000
0e0e
0106
0400
0e36
0d0a
0000
0006
0600
0006
0600
0006
0600
0000
0006
0600
0006
0600
0006
0600
0000
0000
0000
0000
0000
0000
0000
0000
0000
0000
0002
1900
0000
494e
4352
454d
454e
5441
2053
41cd
4441
2044
4120
5241
4d50
4106
0606
0606
0606
0606
0300
000e
3231
0d0a
0516
0500
0000
0e00
0000
0000
0030
400e
0000
0000
0000
0000
0106
0100
0515
0100
0000
0e00
0000
0000
0030
400e
0000
0000
0000
3140
1000
0000
01ff
0000
0000
0eff
0000
0000
ff00
0000
00ff
0000
0000
0601
0005
1810
0000
000e
0000
0000
0000
0000
0b00
0000
0000
0000
0010
0000
000e
0e01
0604
000e
360d
0a00
0000
0606
0000
0606
0000
0606
0000
0000
0606
0000
0606
0000
0606
0000
0000
0000
0000
0000
0000
0000
0000
0000
0000
0000
0000
0000
0000
0000
0000
0000
0000
0000
0000
0000
0000
0000
0000
0000
0000
0000
0000
0000
0000
0000
022f
0000
0053
4520
5241
4d50
4120
4445
5341
4249
4c49
5441
4441
2054
5241
4e53
4645
5245
205a
4552
4f20
5041
5241
2053
41cd
4441
0606
0606
0606
0606
0603
0001
0e35
0d0a
0100
0100
0100
0511
0b0e
0000
0000
0000
0000
1000
0601
0001
0001
0004
000e
360d
0a00
0000
0000
0000
0000
0606
0000
0000
0000
0000
2000
0000
494e
4352
454d
454e
544f
2045
2044
4543
5245
4d45
4e54
4f20
4441
2053
41cd
4441
0000
0000