01f6
13c9
0002
0076
6963
746f
7200
0000
0000
0000
0000
0000
0000
0000
0000
0000
0000
0000
0000
0001
72d4
501c
d45d
b82c
0000
0100
0511
0703
0000
0000
0090
8f40
401f
0601
0001
0001
0001
0001
0001
0004
0000
3630
3032
0d0a
0000
0006
0600
0000
0000
0000
0000
0000
0000
0001
0005
1107
0300
0000
0000
988f
4041
1f06
0100
0100
0100
0100
0100
0100
0400
0036
3030
320d
0a00
0000
0606
0000
0000
0000
0000
0000
0000
0000
0100
0511
0703
0000
0000
00a0
8f40
421f
0601
0001
0001
0001
0001
0001
0004
0000
3630
3032
0d0a
0000
0006
0600
0000
0000
0000
0000
0000
0000
0000
0000
0000
0000
0000
0000
0000
0000
0000
0000
0001
0005
1103
0300
0000
0000
a4bf
404a
1f06
0100
0100
0100
0100
0100
0100
0400
0036
3030
310d
0a00
0000
0606
0000
0000
0000
0000
0000
0000
0000
0100
0511
0303
0000
0000
00a5
bf40
4b1f
0601
0001
0001
0001
0001
0001
0004
0000
3630
3031
0d0a
0000
0006
0600
0000
0000
0000
0000
0000
0000
0001
0005
1103
0300
0000
0000
a6bf
404c
1f06
0100
0100
0100
0100
0100
0100
0400
0036
3030
310d
0a00
0000
0606
0000
0000
0000
0000
0000
0000
0000
0100
0511
0303
0000
0000
00a7
bf40
4d1f
0601
0001
0001
0001
0001
0001
0004
0000
3630
3031
0d0a
0000
0006
0600
0000
0000
0000
0000
0000
0000
0000
0000
0000
0000
0000
0000
0000
0000
0000
0000
0000
0000
0000
0000
0001
0005
1103
0c00
0000
0000
a4bf
40b7
0206
0100
0100
0100
0100
0100
0100
0400
0035
3030
300d
0a00
0000
0606
0000
0000
0000
0000
0000
0000
0000
0000
0000
0000
0000
0000
0000
0000
0000
0000
0000
0100
0511
030c
0000
0000
00a5
bf40
b802
0601
0001
0001
0001
0001
0001
0004
0000
3530
3030
0d0a
0000
0006
0600
0000
0000
0000
0000
0000
0000
0000
0000
0000
0000
0000
0000
0000
0000
0000
0000
0000
0000
0000
0000
0000
0000
0000
0000
0000
0000
0000
0000
0000
0000
0000
0000
0000
0000
0000
0000
0000
0000
0000
0000
0000
0000
0000
0000
0000
0000
0000
0000
0000
0000
0000
0000
0000
0000
0000
0000
0000
0000
0000
0000
0000
0000
0000
0000
0000
0000
0000
0000
0000
0000
0000
0000
0000
0000
0000
0000
0000
0000
0000
0000
0000
0000
0000
0000
0000
0000
0000
0000
0000
0000
0000
0000
0000
0000
0000
0000
0000
0000
0000
0000
00