017b
0117
0300
0030
ce47
1b2b
8199
5f02
0000
0002
0000
0002
0000
0003
0000
0003
0000
0003
0000
0008
0245
5f50
4544
414c
0d0a
0256
5f4d
4158
0d0a
0256
5f4d
494e
0d0a
0225
5052
4553
530d
0a03
4155
585f
310d
0a03
4155
585f
320d
0a03
4155
585f
330d
0a03
4c41
4444
4552
0d0a
0125
5045
4441
4c0d
0a03
5052
4553
530d
0a01
0000
0000
0000
0000
0000
0000
0000
0000
0000
0000
0000
0000
0000
0000
0000
0000
00d5
9f1b
3e52
4994
5200
0002
3300
0000
454e
5452
4144
4120
414e
414c
d347
4943
4120
5045
4441
4c20
2843
4f4e
5645
5254
4944
4f20
5041
5241
2030
207e
2031
3630
3030
2906
0606
0606
0606
0606
0100
0100
0513
0e00
0000
0006
0000
0000
0e00
0080
4001
0601
0001
0005
1504
0000
000e
0000
8040
0bc3
d5a3
4304
0000
0001
ff00
0000
000e
ff00
0000
00ff
0000
0000
ff00
0000
0006
0100
0400
0e37
0d0a
0000
0000
0606
0000
0000
0606
0000
0000
0000
0000
0000
0000
0000
0000
0606
0000
0000
0254
0000
0043
4f52
5245
4e54
4520
4dc1
5849
4d41
2044
4f20
504f
5445
4e43
49d4
4d45
5452
4f20
434f
4d20
4f20
5045
4441
4c20
5052
4553
5349
4f4e
4144
4f20
2843
4f4e
5645
5254
4944
4f20
5041
5241
2030
207e
2031
3630
3030
2906
0606
0606
0606
0606
0100
0100
0513
0e01
0000
0006
0000
0000
0e00
00a0
4001
0601
0001
0001
0001
0001
0004
000e
370d
0a00
0000
0006
0600
0000
0000
0000
0000
0000
0000
0000
0000
0000
0000
0000
0000
0000
0000
0000
0002
4d00
0000
434f
5252
4554
4520
4dcd
4e49
4d41
2044
4f20
504f
5445
4e43
49d4
4d45
5452
4f20
434f
4d20
4f20
5045
4441
4c20
534f
4c54
4f20
2843
4f4e
5645
5254
4944
4f20
5041
5241
2030
207e
2031
3630
3030
2906
0606
0606
0606
0606
0100
0100
0513
0e02
0000
0006
0000
0000
0e00
00c0
4001
0601
0001
0001
0001
0001
0004
000e
370d
0a00
0000
0006
0600
0000
0000
0000
0000
0000
0000
0000
0000
0000
0000
0000
0000
0000
0000
0000
0000
0000
0000
0000
0000
0000
0000
0000
0000
0000
0000
0000
0000
0000
0000
0000
0000
0000
0000
0000
0000
0000
0000
0000
0000
0000
0000
0000
0000
0000
001b
0000
0043
4f4e
5645
5254
4520
494e
5445
4952
4f20
5041
5241
2046
4c4f
4154
0000
0000
0235
0000
0052
414e
4745
203d
2056
5f4d
4158
202d
2056
5f4d
494e
2020
207c
2020
2020
5052
4553
5320
3d20
455f
414e
414c
4f47
202d
2056
5f4d
494e
0606
0606
0606
0606
0601
0001
0005
1502
0000
000e
0000
a040
0e00
00c0
4005
0000
0001
ff00
0000
000e
ff00
0000
00ff
0000
0000
ff00
0000
0006
0100
0100
0515
0200
0000
0e00
0080
400e
0000
c040
0400
0000
01ff
0000
0000
0eff
0000
0000
ff00
0000
00ff
0000
0000
0601
0004
000e
370d
0a00
0000
0006
0600
0000
0006
0600
0000
0000
0000
0006
0600
0000
0006
0600
0000
0002
2000
0000
2550
5245
5353
203d
2028
2050
5245
5353
202f
2052
414e
4745
2029
2078
2031
3030
0606
0606
0606
0606
0601
0001
0005
1504
0000
000e
0000
8040
0e00
00a0
4004
0000
0001
ff00
0000
000e
ff00
0000
00ff
0000
0000
ff00
0000
0006
0100
0100
0515
0300
0000
0e00
0080
400b
0000
c842
0400
0000
01ff
0000
0000
0eff
0000
0000
ff00
0000
00ff
0000
0000
0601
0004
000e
370d
0a00
0000
0006
0600
0000
0006
0600
0000
0000
0000
0006
0600
0000
0006
0600
0000
0002
1f00
0000
5341
cd44
4120
c920
4c49
4d49
5441
4441
2045
4e54
5245
2030
207e
2031
3030
2506
0606
0606
0606
0606
0100
0100
0100
0100
0518
0400
0000
0b00
00c8
420b
0000
0000
1000
0000
0e0e
0106
0100
0100
0100
0400
0e37
0d0a
0000
0000
0000
0000
0606
0000
0000
0000
0000
0000
0000
0000
0000
0606
0000
0000
0000
0000
0000
0000
0000
0000
0000
0000
0000
0000
0000
0000
0000
0000
0000
0000
0000
0000
0000
0000
0000
0000
0000
0000
0000
0000
0000
0000
0000
0000
0000
0000
2200
0000
43c1
4c43
554c
4f53
2044
4520
2520
444f
2050
4544
414c
2050
5245
5353
494f
4e41
444f
0000
0000
0244
0000
0053
4520
5045
4441
4c20
464f
5220
5052
4553
5349
4f4e
4144
4f20
4d41
4953
2051
5545
204f
204d
cd4e
494d
4f2c
2049
4e44
4943
4120
5045
4441
4c20
5052
4553
5349
4f4e
4144
4f06
0606
0606
0606
0606
0100
0100
0100
0100
0516
0300
0000
0e00
0080
410e
0000
4040
0106
0100
0100
0100
0400
0e31
370d
0a00
0000
0000
0000
0006
0600
0000
0000
0000
0000
0000
0000
0000
0006
0600
0000
0000
0000
0000
0000
0000
0000
0000
0000
0000
0000
0000
0000
0000
0000
0000
0000
0000
0000
0000
0000
0000
0000
0000
0000
0000
0000
0000
0000
0000
0000
0000
0000
0000
0000
0000
0000
0000
0000
0000
0000
0000
0000
0000
0000
0000
0000
0000
0000
0000
0000
0000
0000
0000
0000
0000
0000
0000
0000
0000
0000
0000
0000
0000
0000
0000
0000
0000
0000
0000
0000
0000
0000
0000
0000
0000
0000
0000
0000
0000
0000
0000
0000
0000
0000
0000
0000
0000
0000
0000
0000
0000
0000
0000
0000
0000
0000
0000
0000
0000
0000
0000
0000
0000
0000
0000
0000
0000
0000
0000
0000
0000
0000
0026
0000
0046
4c41
4720
4445
2049
4e44
4943
41c7
c34f
2044
4520
5045
4441
4c20
5052
4553
5349
4f4e
4144
4f00
0000
00