01f3
13c9
0026
0043
4152
4c4f
0000
0000
0000
0000
0000
0000
0000
0000
0000
0000
0000
0000
0000
0000
f7cd
78ee
4ee7
1ad7
0000
025d
0000
0023
2323
2323
2323
2323
2323
2323
2323
2323
2323
2323
2323
2323
2323
2323
2323
2323
2323
2323
2323
2323
2323
2323
2323
2323
2323
2323
2323
2323
2323
2323
2323
2323
2323
2323
2323
2323
2323
2323
2323
2323
2323
2323
2323
2323
2323
2323
0606
0606
0606
0606
0602
1500
0000
5745
4720
4452
4956
4553
2045
2043
4f4e
5452
4f4c
5306
0606
0606
0606
0606
022f
0000
0044
4550
4152
5441
4d45
4e54
4f20
4445
2050
524f
4a45
544f
532c
454e
4745
4e48
4152
4941
2045
2041
5554
4f4d
41c7
c34f
0606
0606
0606
0606
0602
1a00
0000
5349
5354
454d
4120
3a20
5645
4943
554c
4f20
454c
4554
5249
434f
0606
0606
0606
0606
0602
0d00
0000
4356
5733
3030
2050
4144
52c3
4f06
0606
0606
0606
0606
021a
0000
0056
4552
53c3
4f20
444f
2041
504c
4943
4154
4956
4f3a
2031
2e30
3006
0606
0606
0606
0606
021c
0000
0044
4154
4120
4441
2045
4c41
424f
5241
c7c3
4f20
3a20
3132
2f32
3031
3606
0606
0606
0606
0606
0219
0000
0056
4552
53c3
4f20
534f
4654
5741
5245
3a20
574c
5020
3130
2e30
0606
0606
0606
0606
0602
1500
0000
5645
5253
c34f
2046
4952
4d57
4152
453a
2032
2e30
3106
0606
0606
0606
0606
025d
0000
0023
2323
2323
2323
2323
2323
2323
2323
2323
2323
2323
2323
2323
2323
2323
2323
2323
2323
2323
2323
2323
2323
2323
2323
2323
2323
2323
2323
2323
2323
2323
2323
2323
2323
2323
2323
2323
2323
2323
2323
2323
2323
2323
2323
2323
2323
2323
0606
0606
0606
0606
0600
0000
0000
0000
0000
0000
0000
0000
0000
0000
0000
0000
0000
0000
0000
0000
0000
0000
0000
0000
0000
0000
0000
0000
0000
0000
0000
0000
0000
0000
0000
0000
0000
0000
0000
0000
0000
0000
0000
0000
0000
0000
0000
0000
0000
0000
0000
0000
0000
0000
000c
0000
0041
7072
6573
656e
7461
e7e3
6f00
0000
0002
1c00
0000
4861
6269
6c69
7461
2046
756e
e7f5
6573
2064
6f20
496e
7665
7273
6f72
0606
0606
0606
0606
0603
0001
0731
3035
390d
0a01
0001
0001
0001
0001
0001
0001
0001
0004
0000
3530
3031
0d0a
0000
0000
0000
0000
0000
0000
0000
0000
0000
0000
0003
0000
0035
3030
310d
0a01
0001
0005
0501
0000
0038
3035
360d
0a06
0364
0000
0601
0001
0001
0001
0004
0000
3530
3330
0d0a
0000
0000
0000
0006
0600
0000
0000
0000
0000
0000
0000
0000
0000
0000
0000
0000
0000
0000
0000
0003
0000
0035
3033
300d
0a01
0001
0001
0001
0001
0001
0001
0001
0004
000d
3330
3031
0d0a
0000
0000
0000
0000
0000
0000
0000
0000
0000
0000
0003
0000
0d33
3030
300d
0a01
0001
0001
0001
0001
0001
0001
0001
0004
0000
3530
3036
0d0a
0000
0000
0000
0000
0000
0000
0000
0000
0000
0000
0003
0000
0035
3030
360d
0a01
0001
0001
0001
0001
0001
0001
0001
0004
000d
3330
3033
0d0a
0000
0000
0000
0000
0000
0000
0000
0000
0000
0000
0000
0000
0000
0000
0000
0000
0000
0000
0000
0000
0000
0000
0000
0000
0000
0000
0000
0000
0000
0000
0000
0000
0000
0000
0000
0000
0000
0000
0000
0000
001c
0000
0048
6162
696c
6974
6120
4675
6ee7
f565
7320
646f
2049
6e76
6572
736f
7200
0000
0002
0f00
0000
5665
6c6f
6369
6461
6465
2052
6561
6c06
0606
0606
0606
0606
0100
0100
0511
0903
0000
0000
00d0
a940
461f
0601
0001
0005
1303
461f
0000
0600
0000
000a
0000
0000
809a
c140
0106
0100
0400
0035
3030
300d
0a00
0000
0000
0606
0000
0000
0606
0000
0000
0000
0000
0000
0000
0000
0000
0000
0000
0000
0000
0100
0100
0519
3523
0000
3623
0000
0100
0000
0a0a
0106
0100
0100
0519
461f
0000
4b1f
0000
0100
0000
0303
0006
0100
0400
0035
3030
300d
0a00
0000
0000
0606
0000
0000
0606
0000
0000
0000
0000
0000
0000
0000
0000
0000
0000
0000
0000
0100
0100
0100
0100
0516
0500
0000
0a00
0000
0000
9bc1
400b
0000
0000
0000
3440
0106
0100
0100
0100
0400
0035
3030
380d
0a00
0000
0000
0000
0000
0606
0000
0000
0000
0000
0000
0000
0000
0000
0606
0000
0000
0000
0000
0000
0000
0000
0000
0000
0000
0000
0000
0000
0000
0000
0000
0000
0000
0000
0000
0000
0000
0000
0000
0000
0000
0000
0000
0000
0000
0000
0000
0000
0000
0000
0000
0000
0000
0000
0000
0000
0000
0000
0000
0000
0000
0000
0000
0000
0000
0000
0000
0000
0000
1700
0000
4c65
6974
7572
6120
5665
6c6f
6369
6461
6465
2052
6561
6c00
0000
0002
1000
0000
5065
6461
6c20
4163
656c
6572
6164
6f72
0606
0606
0606
0606
0601
0001
0001
0001
0005
110c
0300
0000
0000
0032
4041
1f06
0100
0100
0100
0400
0035
3030
300d
0a00
0000
0000
0000
0000
0606
0000
0000
0000
0000
0100
0100
0100
0100
0513
0341
1f00
0006
0000
0000
0a00
0000
0000
94c1
4001
0601
0001
0001
0004
0000
3530
3030
0d0a
0000
0000
0000
0000
0006
0600
0000
0000
0000
0001
0005
1504
0000
000a
0000
0000
0094
c140
0b00
0000
0000
0059
4028
2300
0001
ff00
0000
000a
ff00
0000
00ff
0000
0000
ff00
0000
0006
0100
0100
0100
0518
2823
0000
0b00
0000
0000
0059
400b
0000
0000
0000
0000
2923
0000
0a0a
0106
0100
0400
0035
3030
300d
0a00
0000
0606
0000
0000
0000
0606
0000
0000
0000
0606
0000
0000
0000
0606
0000
0000
0100
0100
0100
0100
0516
0400
0000
0a00
0000
0080
94c1
400b
0000
0000
0000
e03f
0106
0100
0100
0100
0400
0035
3030
320d
0a00
0000
0000
0000
0000
0606
0000
0000
0000
0000
0000
0000
0000
0000
0606
0000
0000
0000
0000
0000
0000
0000
0000
0000
0000
0000
0000
0000
0000
0000
0000
0000
0000
0000
0000
0000
0000
0000
0000
0000
0000
0000
0000
0000
0000
0000
0000
0000
0000
0000
0000
0000
0000
0000
0000
0000
0000
0000
0000
1800
0000
4c65
6974
7572
6120
5065
6461
6c20
4163
656c
6572
6164
6f72
0000
0000
0211
0000
0045
6e74
7261
6461
7320
4469
6769
7461
6973
0606
0606
0606
0606
0603
0100
0131
0d0a
0100
0100
0100
0100
0100
0100
0100
0100
0400
0035
3030
390d
0a00
0001
0000
0000
0000
0000
0000
0000
0000
0000
0000
0300
0007
3130
3232
0d0a
0000
0000
0000
0000
0000
0000
0000
0000
0000
0000
0000
0000
0000
0000
0000
0000
0000
0000
0000
0300
0001
320d
0a01
0001
0001
0001
0001
0001
0001
0001
0004
0000
3530
3130
0d0a
0000
0000
0000
0000
0000
0000
0000
0000
0000
0000
0003
0000
0133
0d0a
0100
0100
0100
0100
0100
0100
0100
0100
0400
0035
3031
310d
0a00
0000
0000
0000
0000
0000
0000
0000
0000
0000
0000
0300
0001
340d
0a01
0001
0001
0001
0001
0001
0001
0001
0004
0000
3530
3132
0d0a
0000
0000
0000
0000
0000
0000
0000
0000
0000
0000
0000
0000
0000
0000
0000
0000
0000
0000
0000
0000
0000
0000
0000
0000
0000
0000
0000
0000
0000
0000
0000
0000
0000
0000
0000
0000
0000
0000
0000
0000
0000
0000
0000
0000
0000
0000
0000
0000
0000
0000
0011
0000
0045
6e74
7261
6461
7320
4469
6769
7461
6973
0000
0000
0211
0000
0043
6861
7665
2046
7265
6e74
6520
2f20
52e9
0606
0606
0606
0606
0603
0000
0035
3030
390d
0a01
0003
0000
0035
3030
380d
0a01
0001
0001
0001
0001
0001
0104
0200
3530
3033
0d0a
0000
0000
0000
0000
0000
0000
0000
0000
0000
0104
0300
3530
3034
0d0a
0000
0000
0000
0000
0000
0000
0000
0000
0000
0004
020d
3330
3035
0d0a
0003
0000
0035
3031
300d
0a01
0003
0000
0035
3030
380d
0a01
0001
0001
0001
0001
0001
0104
0200
3530
3034
0d0a
0000
0000
0000
0000
0000
0000
0000
0000
0000
0104
0300
3530
3033
0d0a
0000
0000
0000
0000
0000
0000
0000
0000
0000
0004
030d
3330
3035
0d0a
0000
0000
0000
0000
0000
0000
0000
0000
0000
0000
0002
0600
0000
4e65
7574
726f
0606
0606
0606
0606
0603
0001
0035
3030
390d
0a03
0001
0035
3031
300d
0a01
0001
0001
0001
0001
0001
0001
0004
0000
3530
3234
0d0a
0000
0000
0000
0000
0000
0000
0000
0000
0000
0000
0002
0500
0000
4672
6569
6f06
0606
0606
0606
0606
0300
0000
3530
3132
0d0a
0100
0100
0100
0100
0100
0100
0100
0100
0400
0035
3030
350d
0a00
0000
0000
0000
0000
0000
0000
0000
0000
0000
0000
0000
0000
0000
0000
0000
0000
0000
0000
0000
0000
1800
0000
4d6f
646f
2064
6520
4f70
6572
61e7
e36f
2028
70e1
6720
3129
0000
0000
0215
0000
0043
6861
7665
204c
6562
7265
2f54
6172
7461
7275
6761
0606
0606
0606
0606
0603
0001
0035
3031
310d
0a03
0000
0035
3030
380d
0a01
0001
0001
0001
0001
0001
0001
0104
0200
3530
3133
0d0a
0000
0000
0000
0000
0000
0000
0000
0000
0000
0004
0300
3530
3134
0d0a
0003
0000
0035
3031
310d
0a03
0000
0035
3030
380d
0a01
0001
0001
0001
0001
0001
0001
0104
0200
3530
3134
0d0a
0000
0000
0000
0000
0000
0000
0000
0000
0000
0104
0300
3530
3133
0d0a
0000
0000
0000
0000
0000
0000
0000
0000
0000
0004
0300
3530
3233
0d0a
0003
0000
0035
3031
310d
0a03
0001
0035
3030
380d
0a03
0001
0035
3031
340d
0a01
0001
0001
0001
0001
0001
0004
0000
3530
3233
0d0a
0000
0000
0000
0000
0000
0000
0000
0000
0000
0000
0002
0f00
0000
536f
6e61
6c61
726d
6520
6465
2052
e906
0606
0606
0606
0606
0300
0007
3130
3233
0d0a
0100
0300
0000
3530
3034
0d0a
0100
0300
0100
3530
3430
0d0a
0100
0100
0100
0100
0400
0231
0d0a
0000
0000
0000
0000
0000
0000
0000
0000
0000
0000
0003
0000
0731
3032
340d
0a01
0003
0000
0231
0d0a
0100
0100
0505
5000
0000
3830
3334
0d0a
0603
0100
0006
0100
0100
0402
0035
3034
300d
0a00
0000
0000
0000
0000
0000
0606
0000
0000
0000
0300
0000
3530
3430
0d0a
0100
0100
0100
0100
0505
5000
0000
3830
3335
0d0a
0603
0100
0006
0100
0100
0403
0035
3034
300d
0a00
0000
0000
0000
0000
0000
0606
0000
0000
0000
1800
0000
4d6f
646f
2064
6520
4f70
6572
61e7
e36f
2028
70e1
6720
3229
0000
0000
0214
0000
0054
7261
6e73
69e7
e36f
2046
7265
6e74
652f
52e9
2006
0606
0606
0606
0606
0300
0000
3530
3039
0d0a
0100
0100
0100
0100
0516
0600
0000
0a00
0000
0080
9ac1
400b
0000
0000
0000
f0bf
0106
0100
0100
0400
0035
3032
310d
0a00
0000
0000
0000
0000
0000
0606
0000
0000
0000
0000
0000
0000
0000
0000
0606
0000
0000
0000
0300
0000
3530
3130
0d0a
0100
0100
0100
0100
0516
0400
0000
0a00
0000
0080
9ac1
400b
0000
0000
0000
f03f
0106
0100
0100
0400
0035
3032
320d
0a00
0000
0000
0000
0000
0000
0606
0000
0000
0000
0000
0000
0000
0000
0000
0606
0000
0000
0000
0000
0000
0000
0000
0000
0000
0000
0000
0000
0000
0000
0000
0000
0000
0000
0000
0000
0000
0000
0000
020f
0000
004d
6f64
6f20
4163
656c
6572
61e7
e36f
0606
0606
0606
0606
0603
0000
0035
3030
320d
0a03
0100
0035
3030
330d
0a03
0001
0035
3032
330d
0a03
0001
0035
3032
310d
0a03
0001
0035
3032
320d
0a03
0001
0035
3030
350d
0a03
0001
0035
3032
340d
0a01
0001
0004
0000
3530
3037
0d0a
0003
0000
0035
3030
320d
0a03
0000
0035
3030
340d
0a00
0000
0000
0000
0000
0000
0000
0000
0000
0000
0000
0000
0000
0000
0000
0000
0000
0000
0000
0000
0000
0000
0000
0000
0000
0000
0000
0000
0000
0000
0000
0000
0000
0000
0000
0000
0000
0000
0018
0000
004d
6f64
6f20
6465
204f
7065
7261
e7e3
6f20
2870
e167
2033
2900
0000
0002
1d00
0000
5265
6c61
e7e3
6f20
6465
2054
7261
6e73
6d69
7373
e36f
2065
2050
6e65
7506
0606
0606
0606
0606
0100
0100
0511
0c03
0000
0000
0000
5f40
441f
0601
0001
0005
1303
441f
0000
0600
0000
000a
0000
0000
0096
c140
0106
0100
0400
0035
3030
300d
0a00
0000
0000
0606
0000
0000
0606
0000
0000
0100
0100
0515
0400
0000
0a00
0000
0000
96c1
400b
0000
0000
0040
8f40
2d23
0000
01ff
0000
0000
0aff
0000
0000
ff00
0000
00ff
0000
0000
0601
0001
0005
1503
0000
000a
0000
0000
8096
c140
0b00
0000
60b8
1e19
402e
2300
0001
ff00
0000
000a
ff00
0000
00ff
0000
0000
ff00
0000
0006
0100
0400
0035
3030
300d
0a00
0000
0000
0606
0000
0000
0606
0000
0000
0000
0000
0606
0000
0000
0606
0000
0000
0000
0000
0000
0000
0000
0000
0000
0000
0000
0000
0100
0100
0511
0c03
0000
0000
0040
5f40
451f
0601
0001
0005
1303
451f
0000
0600
0000
000a
0000
0000
8097
c140
0106
0100
0400
0035
3030
300d
0a00
0000
0000
0606
0000
0000
0606
0000
0000
0100
0100
0515
0400
0000
0a00
0000
0080
97c1
400b
0000
0000
0000
5940
3023
0000
01ff
0000
0000
0aff
0000
0000
ff00
0000
00ff
0000
0000
0601
0001
0001
0001
0001
0004
0000
3530
3030
0d0a
0000
0000
0006
0600
0000
0000
0000
0000
0000
0000
0000
0006
0600
0000
0000
0000
0000
0000
0000
0000
0000
0000
0000
0000
0000
0000
0000
0000
0000
0000
0000
0000
0000
0000
0000
0000
0000
0000
0000
0000
0000
0000
0000
0000
0000
0000
0000
0000
001d
0000
0052
656c
61e7
e36f
2064
6520
5472
616e
736d
6973
73e3
6f20
6520
506e
6575
0000
0000
021a
0000
004e
ed76
656c
2064
6520
4163
656c
6572
61e7
e36f
2046
7265
6e74
6506
0606
0606
0606
0606
0100
0100
0513
07f4
0300
0006
0000
0000
0a00
0000
0000
a1c1
4001
0601
0001
0005
1504
0000
000a
0000
0000
00a1
c140
0b00
0000
0000
0024
4038
2300
0001
ff00
0000
000a
ff00
0000
00ff
0000
0000
ff00
0000
0006
0100
0400
0035
3030
300d
0a00
0000
0000
0606
0000
0000
0606
0000
0000
0000
0000
0000
0000
0000
0000
0606
0000
0000
0300
0000
3530
3033
0d0a
0100
0100
0100
0515
0300
0000
0a00
0000
0000
9cc1
400a
0000
0000
8094
c140
4823
0000
01ff
0000
0000
0aff
0000
0000
ff00
0000
00ff
0000
0000
0601
0001
0001
0004
0000
3530
3030
0d0a
0000
0000
0000
0000
0006
0600
0000
0000
0000
0000
0000
0000
0000
0006
0600
0000
0000
0000
0000
0000
0000
0000
0000
0000
0000
0000
0000
0000
0002
1600
0000
4eed
7665
6c20
6465
2041
6365
6c65
7261
e7e3
6f20
52e9
0606
0606
0606
0606
0601
0001
0005
1307
f503
0000
0600
0000
000a
0000
0000
80a1
c140
0106
0100
0100
0515
0400
0000
0a00
0000
0080
a1c1
400b
0000
0000
0000
2440
4f23
0000
01ff
0000
0000
0aff
0000
0000
ff00
0000
00ff
0000
0000
0601
0004
0000
3530
3030
0d0a
0000
0000
0006
0600
0000
0006
0600
0000
0000
0000
0000
0000
0000
0000
0006
0600
0000
0003
0000
0035
3030
340d
0a01
0001
0001
0005
1503
0000
000a
0000
0000
80a7
c140
0a00
0000
0080
94c1
4048
2300
0001
ff00
0000
000a
ff00
0000
00ff
0000
0000
ff00
0000
0006
0100
0100
0100
0400
0035
3030
300d
0a00
0000
0000
0000
0000
0606
0000
0000
0000
0000
0000
0000
0000
0000
0606
0000
0000
0000
0000
1f00
0000
4eed
7665
6c20
6465
2041
6365
6c65
7261
e7e3
6f20
4672
656e
7465
202f
2052
e900
0000
0002
1a00
0000
4eed
7665
6c20
4465
7361
6365
6c65
7261
e7e3
6f20
4672
656e
7465
0606
0606
0606
0606
0601
0001
0001
0005
1307
f703
0000
0600
0000
000a
0000
0000
80a5
c140
0106
0100
0100
0100
0100
0400
0035
3030
300d
0a00
0000
0000
0000
0606
0000
0000
0000
0000
0000
0301
0000
3530
3033
0d0a
0100
0100
0516
0100
0000
0a00
0000
0080
a5c1
400b
0000
0000
0000
0000
0106
0100
0511
0b0a
0000
0000
0000
2440
4923
0601
0004
0000
3530
3030
0d0a
0003
0000
0035
3032
340d
0a00
0000
0006
0600
0006
0600
0000
0000
0000
0000
0006
0600
0000
0000
0000
0000
0003
0100
0035
3030
330d
0a01
0001
0005
1601
0000
000a
0000
0000
80a5
c140
0b00
0000
0000
00f0
3f01
0601
0005
110b
0a00
0000
0000
0034
4049
2306
0100
0400
0035
3030
300d
0a00
0300
0000
3530
3234
0d0a
0000
0000
0606
0000
0606
0000
0000
0000
0000
0000
0606
0000
0000
0000
0000
0000
0301
0000
3530
3033
0d0a
0100
0100
0516
0100
0000
0a00
0000
0080
a5c1
400b
0000
0000
0000
0040
0106
0100
0511
0b0a
0000
0000
0000
3e40
4923
0601
0004
0000
3530
3030
0d0a
0003
0000
0035
3032
340d
0a00
0000
0006
0600
0006
0600
0000
0000
0000
0000
0006
0600
0000
0000
0000
0000
0003
0100
0035
3030
330d
0a01
0001
0005
1601
0000
000a
0000
0000
80a5
c140
0b00
0000
0000
0008
4001
0601
0005
110b
0a00
0000
0000
0044
4049
2306
0100
0400
0035
3030
300d
0a00
0300
0000
3530
3234
0d0a
0000
0000
0606
0000
0606
0000
0000
0000
0000
0000
0606
0000
0000
0000
0000
0000
2200
0000
4eed
7665
6c20
4465
7361
6365
6c65
7261
e7e3
6f20
4672
656e
7465
205b
70e1
6720
315d
0000
0000
021a
0000
004e
ed76
656c
2044
6573
6163
656c
6572
61e7
e36f
2046
7265
6e74
6506
0606
0606
0606
0606
0301
0000
3530
3033
0d0a
0100
0100
0516
0100
0000
0a00
0000
0080
a5c1
400b
0000
0000
0000
1040
0106
0100
0511
0b0a
0000
0000
0000
4940
4923
0601
0004
0000
3530
3030
0d0a
0003
0000
0035
3032
340d
0a00
0000
0006
0600
0006
0600
0000
0000
0000
0000
0006
0600
0000
0000
0000
0000
0003
0100
0035
3030
330d
0a01
0001
0005
1601
0000
000a
0000
0000
80a5
c140
0b00
0000
0000
0014
4001
0601
0005
110b
0a00
0000
0000
004e
4049
2306
0100
0400
0035
3030
300d
0a00
0300
0000
3530
3234
0d0a
0000
0000
0606
0000
0606
0000
0000
0000
0000
0000
0606
0000
0000
0000
0000
0000
0301
0000
3530
3033
0d0a
0100
0100
0516
0100
0000
0a00
0000
0080
a5c1
400b
0000
0000
0000
1840
0106
0100
0511
0b0a
0000
0000
0080
5140
4923
0601
0004
0000
3530
3030
0d0a
0003
0000
0035
3032
340d
0a00
0000
0006
0600
0006
0600
0000
0000
0000
0000
0006
0600
0000
0000
0000
0000
0003
0100
0035
3030
330d
0a01
0001
0005
1601
0000
000a
0000
0000
80a5
c140
0b00
0000
0000
001c
4001
0601
0005
110b
0a00
0000
0000
0054
4049
2306
0100
0400
0035
3030
300d
0a00
0300
0000
3530
3234
0d0a
0000
0000
0606
0000
0606
0000
0000
0000
0000
0000
0606
0000
0000
0000
0000
0000
0000
0000
0000
0000
0000
0000
0000
0000
0000
0000
0000
0000
0000
0000
0000
0000
0000
0000
0000
0000
2200
0000
4eed
7665
6c20
4465
7361
6365
6c65
7261
e7e3
6f20
4672
656e
7465
205b
70e1
6720
325d
0000
0000
021a
0000
004e
ed76
656c
2044
6573
6163
656c
6572
61e7
e36f
2046
7265
6e74
6506
0606
0606
0606
0606
0301
0000
3530
3033
0d0a
0100
0100
0516
0100
0000
0a00
0000
0080
a5c1
400b
0000
0000
0000
2040
0106
0100
0511
0b0a
0000
0000
0080
5640
4923
0601
0004
0000
3530
3030
0d0a
0003
0000
0035
3032
340d
0a00
0000
0006
0600
0006
0600
0000
0000
0000
0000
0006
0600
0000
0000
0000
0000
0003
0100
0035
3030
330d
0a01
0001
0005
1601
0000
000a
0000
0000
80a5
c140
0b00
0000
0000
0022
4001
0601
0005
110b
0a00
0000
0000
0059
4049
2306
0100
0400
0035
3030
300d
0a00
0300
0000
3530
3234
0d0a
0000
0000
0606
0000
0606
0000
0000
0000
0000
0000
0606
0000
0000
0000
0000
0000
0301
0000
3530
3033
0d0a
0100
0100
0516
0100
0000
0a00
0000
0080
a5c1
400b
0000
0000
0000
2440
0106
0100
0511
0b0a
0000
0000
0000
6940
4923
0601
0004
0000
3530
3030
0d0a
0003
0000
0035
3032
340d
0a00
0000
0006
0600
0006
0600
0000
0000
0000
0000
0006
0600
0000
0000
0000
0000
0000
0000
0000
0000
0000
0000
0000
0000
0000
0000
0000
0000
0000
0000
0000
0000
0000
0000
0000
0000
0000
0000
0000
0000
0000
0000
0000
0000
0000
0000
0000
0000
0000
0000
0000
0000
0000
0000
0000
0000
0000
0000
0000
0000
0000
0000
0000
0000
0000
0000
0022
0000
004e
ed76
656c
2044
6573
6163
656c
6572
61e7
e36f
2046
7265
6e74
6520
5b70
e167
2033
5d00
0000
0002
1600
0000
4eed
7665
6c20
4465
7361
6365
6c65
7261
e7e3
6f20
52e9
0606
0606
0606
0606
0601
0001
0001
0005
1307
f803
0000
0600
0000
000a
0000
0000
00a6
c140
0106
0100
0100
0100
0100
0400
0035
3030
300d
0a00
0000
0000
0000
0606
0000
0000
0000
0000
0000
0301
0000
3530
3034
0d0a
0100
0100
0516
0100
0000
0a00
0000
0000
a6c1
400b
0000
0000
0000
0000
0106
0100
0511
0b0a
0000
0000
0000
1440
4923
0601
0004
0000
3530
3030
0d0a
0003
0000
0035
3032
340d
0a00
0000
0006
0600
0006
0600
0000
0000
0000
0000
0006
0600
0000
0000
0000
0000
0003
0100
0035
3030
340d
0a01
0001
0005
1601
0000
000a
0000
0000
00a6
c140
0b00
0000
0000
00f0
3f01
0601
0005
110b
0a00
0000
0000
0020
4049
2306
0100
0400
0035
3030
300d
0a00
0300
0000
3530
3234
0d0a
0000
0000
0606
0000
0606
0000
0000
0000
0000
0000
0606
0000
0000
0000
0000
0000
0301
0000
3530
3034
0d0a
0100
0100
0516
0100
0000
0a00
0000
0000
a6c1
400b
0000
0000
0000
0040
0106
0100
0511
0b0a
0000
0000
0000
2e40
4923
0601
0004
0000
3530
3030
0d0a
0003
0000
0035
3032
340d
0a00
0000
0006
0600
0006
0600
0000
0000
0000
0000
0006
0600
0000
0000
0000
0000
0003
0100
0035
3030
340d
0a01
0001
0005
1601
0000
000a
0000
0000
00a6
c140
0b00
0000
0000
0008
4001
0601
0005
110b
0a00
0000
0000
0039
4049
2306
0100
0400
0035
3030
300d
0a00
0300
0000
3530
3234
0d0a
0000
0000
0606
0000
0606
0000
0000
0000
0000
0000
0606
0000
0000
0000
0000
0000
1e00
0000
4eed
7665
6c20
4465
7361
6365
6c65
7261
e7e3
6f20
52e9
205b
70e1
6720
315d
0000
0000
0216
0000
004e
ed76
656c
2044
6573
6163
656c
6572
61e7
e36f
2052
e906
0606
0606
0606
0606
0301
0000
3530
3034
0d0a
0100
0100
0516
0100
0000
0a00
0000
0000
a6c1
400b
0000
0000
0000
1040
0106
0100
0511
0b0a
0000
0000
0000
3e40
4923
0601
0004
0000
3530
3030
0d0a
0003
0000
0035
3032
340d
0a00
0000
0006
0600
0006
0600
0000
0000
0000
0000
0006
0600
0000
0000
0000
0000
0003
0100
0035
3030
340d
0a01
0001
0005
1601
0000
000a
0000
0000
00a6
c140
0b00
0000
0000
0014
4001
0601
0005
110b
0a00
0000
0000
0049
4049
2306
0100
0400
0035
3030
300d
0a00
0300
0000
3530
3234
0d0a
0000
0000
0606
0000
0606
0000
0000
0000
0000
0000
0606
0000
0000
0000
0000
0000
0301
0000
3530
3034
0d0a
0100
0100
0516
0100
0000
0a00
0000
0000
a6c1
400b
0000
0000
0000
1840
0106
0100
0511
0b0a
0000
0000
0000
5440
4923
0601
0004
0000
3530
3030
0d0a
0003
0000
0035
3032
340d
0a00
0000
0006
0600
0006
0600
0000
0000
0000
0000
0006
0600
0000
0000
0000
0000
0003
0100
0035
3030
340d
0a01
0001
0005
1601
0000
000a
0000
0000
00a6
c140
0b00
0000
0000
001c
4001
0601
0005
110b
0a00
0000
0000
0059
4049
2306
0100
0400
0035
3030
300d
0a00
0300
0000
3530
3234
0d0a
0000
0000
0606
0000
0606
0000
0000
0000
0000
0000
0606
0000
0000
0000
0000
0000
0000
0000
0000
0000
0000
0000
0000
0000
0000
0000
0000
0000
0000
0000
0000
0000
0000
0000
0000
0000
1e00
0000
4eed
7665
6c20
4465
7361
6365
6c65
7261
e7e3
6f20
52e9
205b
70e1
6720
325d
0000
0000
0216
0000
004e
ed76
656c
2044
6573
6163
656c
6572
61e7
e36f
2052
e906
0606
0606
0606
0606
0301
0000
3530
3034
0d0a
0100
0100
0516
0100
0000
0a00
0000
0000
a6c1
400b
0000
0000
0000
2040
0106
0100
0511
0b0a
0000
0000
0080
5b40
4923
0601
0004
0000
3530
3030
0d0a
0003
0000
0035
3032
340d
0a00
0000
0006
0600
0006
0600
0000
0000
0000
0000
0006
0600
0000
0000
0000
0000
0003
0100
0035
3030
340d
0a01
0001
0005
1601
0000
000a
0000
0000
00a6
c140
0b00
0000
0000
0022
4001
0601
0005
110b
0a00
0000
0000
8061
4049
2306
0100
0400
0035
3030
300d
0a00
0300
0000
3530
3234
0d0a
0000
0000
0606
0000
0606
0000
0000
0000
0000
0000
0606
0000
0000
0000
0000
0000
0301
0000
3530
3034
0d0a
0100
0100
0516
0100
0000
0a00
0000
0000
a6c1
400b
0000
0000
0000
2440
0106
0100
0511
0b0a
0000
0000
0000
6940
4923
0601
0004
0000
3530
3030
0d0a
0003
0000
0035
3032
340d
0a00
0000
0006
0600
0006
0600
0000
0000
0000
0000
0006
0600
0000
0000
0000
0000
0000
0000
0000
0000
0000
0000
0000
0000
0000
0000
0000
0000
0000
0000
0000
0000
0000
0000
0000
0000
0000
0000
0000
0000
0000
0000
0000
0000
0000
0000
0000
0000
0000
0000
0000
0000
0000
0000
0000
0000
0000
0000
0000
0000
0000
0000
0000
0000
0000
0000
001e
0000
004e
ed76
656c
2044
6573
6163
656c
6572
61e7
e36f
2052
e920
5b70
e167
2033
5d00
0000
0002
2800
0000
43e1
6c63
756c
6f20
4eed
7665
6c20
6465
2044
6573
6163
656c
6572
61e7
e36f
2046
7265
6e74
652f
52e9
0606
0606
0606
0606
0603
0100
0035
3030
330d
0a03
0001
0035
3031
370d
0a03
0001
0035
3031
360d
0a03
0001
0035
3031
350d
0a03
0001
0035
3032
360d
0a03
0001
0035
3032
370d
0a01
0001
0001
0004
0000
3530
3238
0d0a
0003
0000
0035
3030
340d
0a00
0000
0000
0000
0000
0000
0000
0000
0000
0003
0000
0035
3032
380d
0a01
0001
0001
0005
1605
0000
000a
0000
0000
009b
c140
0b00
0000
0000
70b7
4001
0601
0005
1604
0000
000a
0000
0000
009b
c140
0b00
0000
0000
409f
4001
0604
0000
3530
3138
0d0a
0000
0000
0000
0000
0006
0600
0006
0600
0000
0000
0000
0000
0006
0600
0006
0600
0003
0100
0035
3030
330d
0a01
0003
0000
0035
3031
380d
0a01
0005
1503
0000
000a
0000
0000
80a4
c140
0b00
0000
0000
00f8
3f4d
2300
0001
ff00
0000
000a
ff00
0000
00ff
0000
0000
ff00
0000
0006
0100
0511
0a0a
0000
0000
80a6
c140
4123
0604
0000
3530
3030
0d0a
0003
0000
0035
3030
340d
0a00
0000
0000
0006
0600
0006
0600
0000
0000
0000
0000
0006
0600
0000
0000
0000
0003
0100
0035
3030
330d
0a03
0001
0035
3031
360d
0a03
0001
0035
3031
350d
0a03
0001
0035
3032
360d
0a03
0001
0035
3032
370d
0a01
0001
0001
0001
0004
0000
3530
3239
0d0a
0003
0000
0035
3030
340d
0a00
0000
0000
0000
0000
0000
0000
0000
0000
0003
0000
0035
3032
390d
0a01
0001
0001
0005
1605
0000
000a
0000
0000
009b
c140
0b00
0000
0000
409f
4001
0601
0005
1604
0000
000a
0000
0000
009b
c140
0b00
0000
0000
408f
4001
0604
0000
3530
3137
0d0a
0000
0000
0000
0000
0006
0600
0006
0600
0000
0000
0000
0000
0006
0600
0006
0600
0000
0000
0000
0000
0000
0000
0000
0000
0000
0000
0030
0000
0043
e16c
6375
6c6f
204e
ed76
656c
2064
6520
4465
7361
6365
6c65
7261
e7e3
6f20
4672
656e
7465
2f52
e920
2028
70e1
6731
2900
0000
0003
0100
0035
3030
330d
0a01
0003
0000
0035
3031
370d
0a01
0005
1503
0000
000a
0000
0000
80a4
c140
0b00
0000
a099
99e9
3f4e
2300
0001
ff00
0000
000a
ff00
0000
00ff
0000
0000
ff00
0000
0006
0100
0511
0a0a
0000
0000
00a7
c140
4123
0604
0000
3530
3030
0d0a
0003
0000
0035
3030
340d
0a00
0000
0000
0006
0600
0006
0600
0000
0000
0000
0000
0006
0600
0000
0000
0000
0003
0100
0035
3030
330d
0a03
0001
0035
3031
350d
0a03
0001
0035
3032
360d
0a03
0001
0035
3032
370d
0a05
1605
0000
000a
0000
0000
009b
c140
0b00
0000
0000
408f
4001
0601
0005
1604
0000
000a
0000
0000
009b
c140
0b00
0000
0000
407f
4001
0604
0000
3530
3136
0d0a
0003
0000
0035
3030
340d
0a00
0000
0000
0006
0600
0006
0600
0000
0000
0000
0000
0006
0600
0006
0600
0003
0100
0035
3030
330d
0a01
0003
0000
0035
3031
360d
0a05
1503
0000
000a
0000
0000
80a4
c140
0b00
0000
0000
00e0
3f4e
2300
0001
ff00
0000
000a
ff00
0000
00ff
0000
0000
ff00
0000
0006
0100
0511
0a0a
0000
0000
00a7
c140
4123
0601
0004
0000
3530
3030
0d0a
0003
0000
0035
3030
340d
0a00
0000
0006
0600
0006
0600
0000
0000
0000
0000
0006
0600
0000
0000
0000
0000
0003
0100
0035
3030
330d
0a03
0001
0035
3032
360d
0a03
0001
0035
3032
370d
0a05
1605
0000
000a
0000
0000
009b
c140
0b00
0000
0000
407f
4001
0601
0001
0005
1604
0000
000a
0000
0000
009b
c140
0b00
0000
0000
406f
4001
0604
0000
3530
3135
0d0a
0003
0000
0035
3030
340d
0a00
0000
0006
0600
0000
0006
0600
0000
0000
0000
0006
0600
0000
0006
0600
0003
0100
0035
3030
330d
0a03
0000
0035
3031
350d
0a05
1503
0000
000a
0000
0000
80a4
c140
0b00
0000
4033
33d3
3f4e
2300
0001
ff00
0000
000a
ff00
0000
00ff
0000
0000
ff00
0000
0006
0100
0100
0511
0a0a
0000
0000
00a7
c140
4123
0601
0004
0000
3530
3030
0d0a
0003
0000
0035
3030
340d
0a00
0006
0600
0000
0006
0600
0000
0000
0000
0006
0600
0000
0000
0000
0000
0000
0030
0000
0043
e16c
6375
6c6f
204e
ed76
656c
2064
6520
4465
7361
6365
6c65
7261
e7e3
6f20
4672
656e
7465
2f52
e920
2028
70e1
6732
2900
0000
0003
0100
0035
3030
330d
0a03
0001
0035
3032
370d
0a01
0005
1605
0000
000a
0000
0000
009b
c140
0b00
0000
0000
406f
4001
0601
0001
0005
1604
0000
000a
0000
0000
009b
c140
0b00
0000
0000
0059
4001
0604
0000
3530
3236
0d0a
0003
0000
0035
3030
340d
0a00
0000
0006
0600
0000
0006
0600
0000
0000
0000
0006
0600
0000
0006
0600
0003
0100
0035
3030
330d
0a03
0000
0035
3032
360d
0a05
1503
0000
000a
0000
0000
80a4
c140
0b00
0000
a099
99b9
3f4e
2300
0001
ff00
0000
000a
ff00
0000
00ff
0000
0000
ff00
0000
0006
0100
0100
0511
0a0a
0000
0000
00a7
c140
4123
0601
0004
0000
3530
3030
0d0a
0003
0000
0035
3030
340d
0a00
0006
0600
0000
0006
0600
0000
0000
0000
0006
0600
0000
0000
0000
0000
0000
0003
0100
0035
3030
330d
0a01
0001
0005
1605
0000
000a
0000
0000
009b
c140
0b00
0000
0000
0059
4001
0601
0001
0001
0001
0004
0000
3530
3237
0d0a
0003
0000
0035
3030
340d
0a00
0000
0006
0600
0000
0000
0000
0000
0000
0000
0000
0006
0600
0000
0000
0000
0000
0003
0100
0035
3030
330d
0a03
0000
0035
3032
370d
0a05
1503
0000
000a
0000
0000
80a4
c140
0b00
0000
a099
99a9
3f4e
2300
0001
ff00
0000
000a
ff00
0000
00ff
0000
0000
ff00
0000
0006
0100
0100
0511
0a0a
0000
0000
00a7
c140
4123
0601
0004
0000
3530
3030
0d0a
0003
0000
0035
3030
340d
0a00
0006
0600
0000
0006
0600
0000
0000
0000
0006
0600
0000
0000
0000
0000
0000
0000
0000
0000
0000
0000
0000
0000
0000
0000
0000
0000
0000
0000
0000
0000
0000
0000
0000
0000
0000
0000
0000
0000
0000
0000
0000
0000
0000
0000
0000
0030
0000
0043
e16c
6375
6c6f
204e
ed76
656c
2064
6520
4465
7361
6365
6c65
7261
e7e3
6f20
4672
656e
7465
2f52
e920
2028
70e1
6733
2900
0000
0002
2500
0000
5665
6c6f
6369
6461
6465
204d
e178
696d
6120
5b6b
6d2f
685d
2028
4d6f
646f
204c
6562
7265
2906
0606
0606
0606
0606
0300
0000
3530
3033
0d0a
0300
0000
3530
3133
0d0a
0100
0511
0703
0000
0000
0090
8f40
421f
0601
0005
1303
421f
0000
0600
0000
000a
0000
0000
0095
c140
0106
0100
0400
0035
3030
300d
0a00
0000
0000
0000
0606
0000
0606
0000
0000
0300
0000
3530
3034
0d0a
0300
0000
3530
3133
0d0a
0100
0511
0703
0000
0000
0098
8f40
431f
0601
0005
1303
431f
0000
0600
0000
000a
0000
0000
8095
c140
0106
0100
0400
0035
3030
300d
0a00
0000
0000
0000
0606
0000
0606
0000
0000
0000
0000
0000
0000
0000
0000
0000
0000
0000
0000
022a
0000
0056
656c
6f63
6964
6164
6520
5265
6475
7a69
6461
205b
6b6d
2f68
5d20
284d
6f64
6f20
5265
6475
7a69
6461
2906
0606
0606
0606
0606
0300
0000
3530
3033
0d0a
0300
0000
3530
3134
0d0a
0100
0511
0703
0000
0000
00e0
8f40
421f
0601
0005
1303
421f
0000
0600
0000
000a
0000
0000
0095
c140
0106
0100
0400
0035
3030
300d
0a00
0000
0000
0000
0606
0000
0606
0000
0000
0300
0000
3530
3034
0d0a
0300
0000
3530
3134
0d0a
0100
0511
0703
0000
0000
00e8
8f40
431f
0601
0005
1303
431f
0000
0600
0000
000a
0000
0000
8095
c140
0106
0100
0400
0035
3030
300d
0a00
0000
0000
0000
0606
0000
0606
0000
0000
0000
0000
0000
0000
0000
0000
0000
0000
0000
0000
0000
0000
0000
0000
0000
0000
0000
0000
0000
0000
0000
0000
0000
0000
0000
0000
0000
0000
0000
0000
0000
0000
0000
0000
0000
0000
0000
0000
0000
0000
1c00
0000
5265
6665
72ea
6e63
6961
2056
656c
6f63
6964
6164
6520
5b6b
6d2f
685d
0000
0000
0217
0000
0054
7261
6e73
666f
726d
6172
206b
6d2f
6820
656d
2072
706d
0606
0606
0606
0606
0602
1e00
0000
5265
6665
72ea
6e63
6961
2056
656c
6f63
6964
6164
6520
2d20
4672
656e
7465
0606
0606
0606
0606
0603
0000
0035
3030
330d
0a01
0005
1504
0000
000a
0000
0000
0095
c140
0b00
0000
c0cc
cc0c
4031
2300
0001
ff00
0000
000a
ff00
0000
00ff
0000
0000
ff00
0000
0006
0100
0100
0515
0300
0000
0a00
0000
0080
98c1
400b
0000
0000
0000
4e40
3223
0000
01ff
0000
0000
0aff
0000
0000
ff00
0000
00ff
0000
0000
0601
0004
0000
3530
3030
0d0a
0000
0000
0006
0600
0000
0006
0600
0000
0000
0000
0006
0600
0000
0006
0600
0000
0003
0000
0035
3030
330d
0a01
0005
1504
0000
000a
0000
0000
0099
c140
0a00
0000
0000
97c1
4033
2300
0001
ff00
0000
000a
ff00
0000
00ff
0000
0000
ff00
0000
0006
0100
0100
0515
0300
0000
0a00
0000
0080
99c1
400a
0000
0000
0098
c140
3423
0000
01ff
0000
0000
0aff
0000
0000
ff00
0000
00ff
0000
0000
0601
0004
0000
3530
3030
0d0a
0000
0000
0006
0600
0000
0006
0600
0000
0000
0000
0006
0600
0000
0006
0600
0000
0002
1a00
0000
5265
6665
72ea
6e63
6961
2056
656c
6f63
6964
6164
6520
2d20
52e9
0606
0606
0606
0606
0603
0000
0035
3030
340d
0a01
0005
1504
0000
000a
0000
0000
8095
c140
0b00
0000
c0cc
cc0c
4031
2300
0001
ff00
0000
000a
ff00
0000
00ff
0000
0000
ff00
0000
0006
0100
0100
0515
0300
0000
0a00
0000
0080
98c1
400b
0000
0000
0000
4e40
3223
0000
01ff
0000
0000
0aff
0000
0000
ff00
0000
00ff
0000
0000
0601
0004
0000
3530
3030
0d0a
0000
0000
0006
0600
0000
0006
0600
0000
0000
0000
0006
0600
0000
0006
0600
0000
0003
0000
0035
3030
340d
0a01
0005
1504
0000
000a
0000
0000
0099
c140
0a00
0000
0000
97c1
4033
2300
0001
ff00
0000
000a
ff00
0000
00ff
0000
0000
ff00
0000
0006
0100
0100
0515
0300
0000
0a00
0000
0080
99c1
400a
0000
0000
0098
c140
3423
0000
01ff
0000
0000
0aff
0000
0000
ff00
0000
00ff
0000
0000
0601
0004
0000
3530
3030
0d0a
0000
0000
0006
0600
0000
0006
0600
0000
0000
0000
0006
0600
0000
0006
0600
0000
0020
0000
0043
e16c
6375
6c6f
2052
6566
6572
ea6e
6369
6120
6465
2056
656c
6f63
6964
6164
6500
0000
0002
1c00
0000
5265
6665
72ea
6e63
6961
2064
6520
5665
6c6f
6369
6461
6465
2052
504d
0606
0606
0606
0606
0601
0001
0005
1503
0000
000a
0000
0000
009a
c140
0b00
0000
0000
0000
4045
2300
0001
ff00
0000
000a
ff00
0000
00ff
0000
0000
ff00
0000
0006
0100
0100
0514
034e
1f00
0006
0000
0000
0a00
0000
0080
a2c1
4000
0601
0004
0000
3530
3030
0d0a
0000
0000
0006
0600
0000
0006
0600
0000
0000
0000
0006
0600
0000
0000
0000
0000
0000
0001
0001
0005
1501
0000
000a
0000
0000
009b
c140
0a00
0000
0000
a4c1
4047
2300
0001
ff00
0000
000a
ff00
0000
00ff
0000
0000
ff00
0000
0006
0100
0100
0514
0350
1f00
0006
0000
0000
0a00
0000
0080
a3c1
4000
0601
0004
0000
3530
3030
0d0a
0000
0000
0006
0600
0000
0006
0600
0000
0000
0000
0006
0600
0000
0000
0000
0000
0000
0001
0001
0001
0001
0001
0001
0005
1850
1f00
0003
0000
0000
004e
bf40
0600
0000
0000
0000
004f
1f00
0003
0300
0601
0004
0000
3530
3030
0d0a
0000
0000
0000
0000
0000
0000
0006
0600
0000
0000
0000
0000
0000
0000
0000
0006
0600
0000
0001
0003
0000
0035
3030
370d
0a01
0001
0003
0001
0035
3030
350d
0a01
0005
1103
0300
0000
0000
4fbf
4040
1f06
0100
0400
0035
3030
300d
0a00
0000
0000
0000
0000
0000
0000
0606
0000
0000
0000
0000
0000
0000
0000
0000
0000
0000
0000
0000
0000
0000
0000
0000
0000
0000
0000
0000
0000
0000
0000
0000
0000
0000
0000
0000
0000
0000
0000
0000
2000
0000
43e1
6c63
756c
6f20
5265
6665
72ea
6e63
6961
2064
6520
5665
6c6f
6369
6461
6465
0000
0000
0228
0000
0052
6566
6572
ea6e
6369
6120
6465
2056
656c
6f63
6964
6164
6520
5265
6765
6e65
7261
e7e3
6f20
5250
4d06
0606
0606
0606
0606
0300
0100
3530
3037
0d0a
0100
0100
0300
0100
3530
3035
0d0a
0515
0200
0000
0a00
0000
0000
9bc1
400a
0000
0000
80a0
c140
4623
0000
01ff
0000
0000
0aff
0000
0000
ff00
0000
00ff
0000
0000
0601
0005
1403
521f
0000
0600
0000
000a
0000
0000
00a3
c140
0006
0400
0035
3030
300d
0a00
0000
0000
0000
0000
0606
0000
0606
0000
0000
0000
0000
0000
0606
0000
0000
0000
0000
0000
0000
0000
0000
0000
0000
0000
0000
0000
0000
0300
0100
3530
3035
0d0a
0100
0518
521f
0000
0600
0000
0000
0cb7
4006
0000
0000
0000
0000
511f
0000
0303
0006
0100
0100
0100
0100
0100
0400
0035
3030
300d
0a00
0000
0000
0606
0000
0000
0000
0000
0000
0000
0000
0000
0606
0000
0000
0000
0000
0000
0000
0000
0000
0000
0000
0000
0000
0000
0000
0000
0000
0100
0300
0100
3530
3038
0d0a
0300
0100
3530
3037
0d0a
0100
0300
0100
3530
3035
0d0a
0100
0100
0511
0303
0000
0000
0051
bf40
401f
0604
0000
3530
3030
0d0a
0000
0000
0000
0000
0000
0000
0000
0006
0600
0000
0000
0000
0000
0000
0000
0000
0000
0000
0000
0003
0000
0035
3030
380d
0a01
0003
0001
0035
3030
370d
0a03
0001
0035
3030
350d
0a01
0001
0005
1106
0300
0000
0000
0000
0040
1f06
0100
0400
0035
3030
300d
0a00
0000
0000
0000
0000
0000
0000
0606
0000
0000
0000
0000
0000
0000
0000
0000
0000
0000
0000
0000
2100
0000
5265
6665
72ea
6e63
6961
2056
656c
6f63
6964
6164
6520
5265
6765
6e65
7261
e7e3
6f00
0000
0002
2200
0000
5265
6665
72ea
6e63
6961
2064
6520
5665
6c6f
6369
6461
6465
2046
7265
696f
2052
504d
0606
0606
0606
0606
0601
0001
0001
0005
1307
f603
0000
0600
0000
000a
0000
0000
00a5
c140
0106
0100
0100
0100
0100
0400
0035
3030
300d
0a00
0000
0000
0000
0606
0000
0000
0000
0000
0000
0300
0000
3530
3035
0d0a
0100
0100
0515
0200
0000
0a00
0000
0000
9bc1
400a
0000
0000
00a5
c140
4623
0000
01ff
0000
0000
0aff
0000
0000
ff00
0000
00ff
0000
0000
0601
0001
0005
1403
521f
0000
0600
0000
000a
0000
0000
00a3
c140
0006
0400
0035
3030
300d
0a00
0000
0000
0000
0606
0000
0000
0606
0000
0000
0000
0000
0606
0000
0000
0000
0000
0000
0300
0000
3530
3035
0d0a
0100
0518
521f
0000
0600
0000
0000
0cb7
4006
0000
0000
0000
0000
401f
0000
0303
0006
0100
0100
0100
0100
0100
0400
0035
3030
300d
0a00
0000
0000
0606
0000
0000
0000
0000
0000
0000
0000
0000
0606
0000
0000
0000
0000
0000
0000
0000
0000
0000
0000
0000
0000
0000
0000
0000
0000
0000
0000
0000
0000
0000
0000
0000
0000
0000
0000
0000
0000
0000
0000
0000
0000
0000
0000
0000
0000
0000
0000
0000
0000
0000
0000
0000
0000
0000
0000
0000
0000
0000
0000
0000
0000
0000
0000
0000
0000
0000
0000
0000
0000
0000
0000
0000
0000
0000
0000
2200
0000
5265
6665
72ea
6e63
6961
2064
6520
5665
6c6f
6369
6461
6465
2046
7265
696f
2052
504d
0000
0000
021c
0000
0052
6566
6572
ea6e
6369
6120
6465
2056
656c
6f63
6964
6164
6520
5250
4d06
0606
0606
0606
0606
0300
0000
3530
3036
0d0a
0100
0100
0511
030c
0000
0000
0040
bf40
7900
0601
0001
0001
0001
0004
0000
3530
3030
0d0a
0000
0000
0000
0006
0600
0000
0000
0000
0000
0000
0000
0000
0000
0000
0000
0000
0000
0000
0000
0000
0000
0000
0000
0000
0000
0000
0000
0000
0000
0000
0000
0000
0000
0000
0000
0000
0000
0000
0000
0000
0000
0000
0000
0000
0000
0000
0000
0000
0000
0000
0000
0000
0000
0000
0000
0000
0000
0000
0000
0000
0000
0000
0000
0000
0000
0000
0000
0000
0000
0000
0000
0000
0000
0000
0000
0000
0000
0000
0000
0000
0000
0000
0000
0000
0000
0000
0000
0000
0000
0000
0000
0000
0000
0000
0000
0000
0000
0000
0000
0000
0000
0000
0000
0000
0000
0000
0000
0000
0000
0000
0000
0000
0000
0000
0000
0000
0000
0000
0000
0000
0000
0000
0000
0000
0000
0000
0000
0000
0000
001e
0000
0052
6566
6572
ea6e
6369
6120
6465
2056
656c
6f63
6964
6164
6520
5b72
706d
5d00
0000
0002
1a00
0000
436f
6d70
6172
6164
6f72
6573
2064
6520
5665
6c6f
6369
6461
6465
0606
0606
0606
0606
0601
0001
0005
1605
0000
000a
0000
0000
009b
c140
0b00
0000
0000
3091
4001
0601
0001
0001
0001
0001
0004
0000
3530
3331
0d0a
0000
0000
0006
0600
0000
0000
0000
0000
0000
0000
0000
0006
0600
0000
0000
0000
0000
0000
0001
0001
0005
1604
0000
000a
0000
0000
009b
c140
0b00
0000
0000
3091
4001
0601
0001
0005
1605
0000
000a
0000
0000
009b
c140
0b00
0000
0000
7097
4001
0601
0004
0000
3530
3332
0d0a
0000
0000
0006
0600
0000
0006
0600
0000
0000
0000
0006
0600
0000
0006
0600
0000
0001
0001
0005
1604
0000
000a
0000
0000
009b
c140
0b00
0000
0000
7097
4001
0601
0001
0005
1605
0000
000a
0000
0000
009b
c140
0b00
0000
0000
409f
4001
0601
0004
0000
3530
3333
0d0a
0000
0000
0006
0600
0000
0006
0600
0000
0000
0000
0006
0600
0000
0006
0600
0000
0001
0001
0005
1604
0000
000a
0000
0000
009b
c140
0b00
0000
0000
409f
4001
0601
0001
0005
1605
0000
000a
0000
0000
009b
c140
0b00
0000
0000
88a3
4001
0601
0004
0000
3530
3334
0d0a
0000
0000
0006
0600
0000
0006
0600
0000
0000
0000
0006
0600
0000
0006
0600
0000
0000
0000
0000
0000
0000
0000
0000
0000
0000
0000
0000
0000
0000
0000
0000
0000
0000
0000
0000
0000
0020
0000
0043
6f6d
7061
7261
646f
7220
6465
2056
656c
6f63
6964
6164
6520
5b70
e167
2031
5d00
0000
0001
0001
0005
1604
0000
000a
0000
0000
009b
c140
0b00
0000
0000
88a3
4001
0601
0001
0005
1605
0000
000a
0000
0000
009b
c140
0b00
0000
0000
58ab
4001
0601
0004
0000
3530
3335
0d0a
0000
0000
0006
0600
0000
0006
0600
0000
0000
0000
0006
0600
0000
0006
0600
0000
0001
0001
0005
1604
0000
000a
0000
0000
009b
c140
0b00
0000
0000
58ab
4001
0601
0001
0005
1605
0000
000a
0000
0000
009b
c140
0b00
0000
0000
40af
4001
0601
0004
0000
3530
3336
0d0a
0000
0000
0006
0600
0000
0006
0600
0000
0000
0000
0006
0600
0000
0006
0600
0000
0001
0001
0005
1604
0000
000a
0000
0000
009b
c140
0b00
0000
0000
40af
4001
0601
0001
0005
1605
0000
000a
0000
0000
009b
c140
0b00
0000
0000
88b3
4001
0601
0004
0000
3530
3337
0d0a
0000
0000
0006
0600
0000
0006
0600
0000
0000
0000
0006
0600
0000
0006
0600
0000
0001
0001
0005
1604
0000
000a
0000
0000
009b
c140
0b00
0000
0000
88b3
4001
0601
0001
0005
1605
0000
000a
0000
0000
009b
c140
0b00
0000
0000
70b7
4001
0601
0004
0000
3530
3338
0d0a
0000
0000
0006
0600
0000
0006
0600
0000
0000
0000
0006
0600
0000
0006
0600
0000
0001
0001
0005
1604
0000
000a
0000
0000
009b
c140
0b00
0000
0000
70b7
4001
0601
0001
0005
1606
0000
000a
0000
0000
009b
c140
0b00
0000
0000
94c1
4001
0601
0004
0000
3530
3339
0d0a
0000
0000
0006
0600
0000
0006
0600
0000
0000
0000
0006
0600
0000
0006
0600
0000
0020
0000
0043
6f6d
7061
7261
646f
7220
6465
2056
656c
6f63
6964
6164
6520
5b70
e167
2032
5d00
0000
0002
1100
0000
4c69
6d69
7465
7320
6465
2054
6f72
7175
6506
0606
0606
0606
0606
0100
0300
0000
3530
3037
0d0a
0100
0300
0000
3530
3331
0d0a
0100
0513
07f9
0300
0006
0000
0000
0a00
0000
0000
a0c1
4001
0601
0001
0004
0000
3530
3030
0d0a
0000
0000
0000
0000
0000
0006
0600
0000
0000
0001
0003
0000
0035
3030
370d
0a01
0003
0000
0035
3033
320d
0a01
0005
1307
f903
0000
0600
0000
000a
0000
0000
00a0
c140
0106
0100
0100
0400
0035
3030
300d
0a00
0000
0000
0000
0000
0000
0606
0000
0000
0000
0100
0300
0000
3530
3037
0d0a
0100
0300
0000
3530
3333
0d0a
0100
0513
07f9
0300
0006
0000
0000
0a00
0000
0000
a0c1
4001
0601
0001
0004
0000
3530
3030
0d0a
0000
0000
0000
0000
0000
0006
0600
0000
0000
0001
0003
0000
0035
3030
370d
0a01
0003
0000
0035
3033
340d
0a01
0005
1306
7800
0000
0600
0000
000a
0000
0000
00a0
c140
0106
0100
0100
0400
0035
3030
300d
0a00
0000
0000
0000
0000
0000
0606
0000
0000
0000
0100
0300
0000
3530
3037
0d0a
0100
0300
0000
3530
3335
0d0a
0100
0513
0664
0000
0006
0000
0000
0a00
0000
0000
a0c1
4001
0601
0001
0004
0000
3530
3030
0d0a
0000
0000
0000
0000
0000
0006
0600
0000
0000
0001
0003
0000
0035
3030
370d
0a01
0003
0000
0035
3033
360d
0a01
0005
1306
4600
0000
0600
0000
000a
0000
0000
00a0
c140
0106
0100
0100
0400
0035
3030
300d
0a00
0000
0000
0000
0000
0000
0606
0000
0000
0000
0100
0300
0000
3530
3037
0d0a
0100
0300
0000
3530
3337
0d0a
0100
0513
063c
0000
0006
0000
0000
0a00
0000
0000
a0c1
4001
0601
0001
0004
0000
3530
3030
0d0a
0000
0000
0000
0000
0000
0006
0600
0000
0000
001e
0000
004c
696d
6974
6520
6465
2054
6f72
7175
6520
4de1
7869
6d6f
2028
70e1
6731
2900
0000
0002
1100
0000
4c69
6d69
7465
7320
6465
2054
6f72
7175
6506
0606
0606
0606
0606
0100
0300
0000
3530
3037
0d0a
0100
0300
0000
3530
3338
0d0a
0100
0513
0632
0000
0006
0000
0000
0a00
0000
0000
a0c1
4001
0601
0001
0004
0000
3530
3030
0d0a
0000
0000
0000
0000
0000
0006
0600
0000
0000
0001
0003
0000
0035
3030
370d
0a01
0003
0000
0035
3033
390d
0a01
0005
1306
1e00
0000
0600
0000
000a
0000
0000
00a0
c140
0106
0100
0100
0400
0035
3030
300d
0a00
0000
0000
0000
0000
0000
0606
0000
0000
0000
0000
0000
0000
0000
0000
0000
0000
0000
0000
0000
0100
0300
0100
3530
3037
0d0a
0100
0100
0100
0513
07f9
0300
0006
0000
0000
0a00
0000
0000
a0c1
4001
0601
0001
0004
0000
3530
3030
0d0a
0000
0000
0000
0000
0000
0006
0600
0000
0000
0000
0000
0000
0000
0000
0000
0000
0000
0000
0000
0000
0000
0000
0000
0000
0000
0000
0000
0000
0000
0000
0000
0000
0000
0000
0000
0000
0000
0000
0000
0000
0000
0000
0000
0000
0000
0000
0000
0000
0000
0000
0000
0000
0000
0000
0000
0000
0000
0000
0000
0000
0000
0000
0000
0000
0000
0000
0000
0000
0000
0000
0000
0000
0000
0000
0000
0000
0000
0000
0000
001e
0000
004c
696d
6974
6520
6465
2054
6f72
7175
6520
4de1
7869
6d6f
2028
70e1
6732
2900
0000
0002
1f00
0000
43e1
6c63
756c
6f20
4c69
6d69
7465
2064
6520
546f
7271
7565
204d
e178
696d
6f06
0606
0606
0606
0606
0100
0100
0511
0c03
0000
0000
0010
7940
4a1f
0601
0001
0005
1303
4a1f
0000
0600
0000
000a
0000
0000
809d
c140
0106
0100
0400
0035
3030
300d
0a00
0000
0000
0606
0000
0000
0606
0000
0000
0000
0000
0000
0000
0000
0000
0000
0000
0000
0000
0100
0100
0511
0c03
0000
0000
0070
7240
491f
0601
0001
0005
1303
491f
0000
0600
0000
000a
0000
0000
009e
c140
0106
0100
0400
0035
3030
300d
0a00
0000
0000
0606
0000
0000
0606
0000
0000
0100
0100
0516
0100
0000
0a00
0000
0000
9ec1
400b
0000
0000
0000
0000
0106
0100
0100
0511
0b0a
0000
0000
0000
5940
3d23
0601
0004
0000
3530
3030
0d0a
0000
0000
0006
0600
0000
0006
0600
0000
0000
0000
0006
0600
0000
0000
0000
0000
0000
0001
0001
0005
1601
0000
000a
0000
0000
009e
c140
0b00
0000
0000
00f0
3f01
0601
0001
0005
110b
0a00
0000
0000
0069
403d
2306
0100
0400
0035
3030
300d
0a00
0000
0000
0606
0000
0000
0606
0000
0000
0000
0000
0606
0000
0000
0000
0000
0000
0000
0100
0100
0516
0100
0000
0a00
0000
0000
9ec1
400b
0000
0000
0000
0040
0106
0100
0100
0511
0b0a
0000
0000
0000
7940
3d23
0601
0004
0000
3530
3030
0d0a
0000
0000
0006
0600
0000
0006
0600
0000
0000
0000
0006
0600
0000
0000
0000
0000
0000
001e
0000
004c
696d
6974
6520
6465
2054
6f72
7175
6520
4de1
7869
6d6f
2028
70e1
6733
2900
0000
0002
1f00
0000
43e1
6c63
756c
6f20
4c69
6d69
7465
2064
6520
546f
7271
7565
204d
e178
696d
6f06
0606
0606
0606
0606
0100
0100
0515
0400
0000
0a00
0000
0080
9dc1
400b
0000
0000
0000
2440
3a23
0000
01ff
0000
0000
0aff
0000
0000
ff00
0000
00ff
0000
0000
0601
0001
0001
0001
0001
0004
0000
3530
3030
0d0a
0000
0000
0006
0600
0000
0000
0000
0000
0000
0000
0000
0006
0600
0000
0000
0000
0000
0000
0001
0001
0005
1504
0000
000a
0000
0000
00a0
c140
0b00
0000
0000
0059
403e
2300
0001
ff00
0000
000a
ff00
0000
00ff
0000
0000
ff00
0000
0006
0100
0100
0100
0100
0100
0400
0035
3030
300d
0a00
0000
0000
0606
0000
0000
0000
0000
0000
0000
0000
0000
0606
0000
0000
0000
0000
0000
0000
0100
0100
0515
0400
0000
0a00
0000
0080
9ec1
400a
0000
0000
009d
c140
3f23
0000
01ff
0000
0000
0aff
0000
0000
ff00
0000
00ff
0000
0000
0601
0001
0001
0001
0001
0004
0000
3530
3030
0d0a
0000
0000
0006
0600
0000
0000
0000
0000
0000
0000
0000
0006
0600
0000
0000
0000
0000
0000
0001
0001
0005
183e
2300
000a
0000
0000
809f
c140
0b00
0000
0000
0000
0039
2300
000a
0a01
0601
0001
0001
0001
0001
0004
0000
3530
3030
0d0a
0000
0000
0006
0600
0000
0000
0000
0000
0000
0000
0000
0006
0600
0000
0000
0000
0000
0000
0000
0000
0000
0000
0000
0000
0000
0000
0000
0000
0000
0000
0000
0000
0000
0000
0000
0000
0000
0000
001e
0000
004c
696d
6974
6520
6465
2054
6f72
7175
6520
4de1
7869
6d6f
2028
70e1
6733
2900
0000
0002
1400
0000
5265
6665
72ea
6e63
6961
2064
6520
546f
7271
7565
0606
0606
0606
0606
0601
0001
0001
0001
0005
1503
0000
000a
0000
0000
809c
c140
0b00
0000
0000
408f
4044
2300
0001
ff00
0000
000a
ff00
0000
00ff
0000
0000
ff00
0000
0006
0100
0100
0100
0400
0035
3030
300d
0a00
0000
0000
0000
0000
0606
0000
0000
0000
0000
0000
0000
0000
0000
0606
0000
0000
0000
0000
0300
0100
3530
3230
0d0a
0300
0000
3530
3036
0d0a
0100
0100
0514
034d
1f00
0006
0000
0000
0a00
0000
0000
a2c1
4000
0601
0001
0001
0004
0000
3530
3030
0d0a
0000
0000
0000
0000
0006
0600
0000
0000
0000
0003
0001
0035
3032
300d
0a03
0000
0035
3030
360d
0a01
0001
0005
1403
4c1f
0000
0600
0000
000a
0000
0000
00a2
c140
0006
0100
0100
0100
0400
0035
3030
300d
0a00
0000
0000
0000
0000
0606
0000
0000
0000
0000
0000
0000
0000
0000
0000
0000
0000
0000
0000
0000
0218
0000
0043
6f6e
7472
6f6c
6520
6465
204d
6167
6e65
7469
7a61
e7e3
6f06
0606
0606
0606
0606
0300
0000
3530
3230
0d0a
0100
0300
0000
3530
3038
0d0a
0100
0511
060c
0000
0000
0000
f03f
b300
0601
0001
0001
0004
0000
3530
3030
0d0a
0000
0000
0000
0000
0006
0600
0000
0000
0000
0003
0001
0035
3032
300d
0a01
0001
0101
0005
1106
0c00
0000
0000
005e
40b3
0006
0100
0100
0100
0400
0035
3030
300d
0a00
0300
0000
3530
3230
0d0a
0100
0300
0100
3530
3038
0d0a
0000
0606
0000
0000
0000
0000
0000
0000
0000
0000
0000
0000
0000
0000
0000
0000
1400
0000
5265
6665
72ea
6e63
6961
2064
6520
546f
7271
7565
0000
0000
020f
0000
0050
6172
6164
6120
656d
2052
616d
7061
0606
0606
0606
0606
0602
0f00
0000
5061
7261
6461
2065
6d20
5261
6d70
6106
0606
0606
0606
0606
0300
0007
3130
3138
0d0a
0300
0000
3530
3038
0d0a
0300
0100
3530
3037
0d0a
0300
0100
3530
3035
0d0a
0300
0100
3530
3139
0d0a
0100
0100
0505
fb03
0000
3830
3038
0d0a
0703
6400
0006
0402
0035
3032
300d
0a00
0000
0000
0000
0000
0000
0000
0000
0606
0000
0100
0100
0516
0400
0000
0a00
0000
0000
9bc1
400b
0000
0000
0000
4940
0106
0100
0100
0100
0100
0100
0400
0035
3031
390d
0a00
0000
0000
0606
0000
0000
0000
0000
0000
0000
0000
0000
0606
0000
0000
0000
0000
0000
0000
0301
0000
3530
3037
0d0a
0100
0100
0100
0100
0100
0100
0100
0100
0403
0035
3032
300d
0a00
0301
0000
3530
3035
0d0a
0000
0000
0000
0000
0000
0000
0000
0000
0000
0300
0000
3530
3139
0d0a
0000
0000
0000
0000
0000
0000
0000
0000
0000
0300
0000
3530
3230
0d0a
0100
0300
0100
3530
3038
0d0a
0100
0300
0000
3530
3036
0d0a
0100
0100
0514
034d
1f00
0006
0000
0000
0b00
0000
0000
00f0
3f00
0604
0000
3530
3030
0d0a
0000
0000
0000
0000
0000
0000
0000
0006
0600
0003
0000
0035
3032
300d
0a01
0003
0001
0035
3030
380d
0a01
0003
0000
0035
3030
360d
0a01
0001
0005
1403
4c1f
0000
0600
0000
000b
0000
0000
0000
f03f
0006
0400
0035
3030
300d
0a00
0000
0000
0000
0000
0000
0000
0000
0606
0000
0000
0000
0000
0000
0000
0000
0000
0000
0000
0000
1700
0000
5061
7261
6461
2065
6d20
5261
6d70
6120
2870
e167
2032
2900
0000
0002
1400
0000
5265
6665
72ea
6e63
6961
2064
6520
546f
7271
7565
0606
0606
0606
0606
0603
0001
0035
3030
360d
0a01
0001
0005
1403
4c1f
0000
0600
0000
000b
0000
0000
0000
0000
0006
0100
0100
0100
0100
0400
0035
3030
300d
0a00
0000
0000
0000
0606
0000
0000
0000
0000
0000
0300
0100
3530
3036
0d0a
0100
0100
0514
034d
1f00
0006
0000
0000
0b00
0000
0000
0000
0000
0601
0001
0001
0001
0004
0000
3530
3030
0d0a
0000
0000
0000
0006
0600
0000
0000
0000
0000
0000
0000
0000
0000
0000
0000
0000
0000
0000
0000
0001
0001
0001
0001
0005
1103
0c00
0000
0000
4cbf
40a9
0006
0100
0100
0100
0400
0035
3030
300d
0a00
0000
0000
0000
0000
0606
0000
0000
0000
0000
0100
0100
0100
0100
0511
030c
0000
0000
004d
bf40
aa00
0601
0001
0001
0004
0000
3530
3030
0d0a
0000
0000
0000
0000
0006
0600
0000
0000
0000
0000
0000
0000
0000
0000
0000
0000
0000
0000
0000
0000
0000
0000
0000
0000
0000
0000
0000
0000
0000
0000
0000
0000
0000
0000
0000
0000
0000
0000
0000
0000
0000
0000
0000
0000
0000
0000
0000
0000
0000
0000
0000
0000
0000
0000
0000
0000
0000
0000
0000
0017
0000
0054
7261
6e73
6665
72ea
6e63
6961
2064
6520
546f
7271
7565
0000
0000
0000
0000
0000
0000
0000
0000
0000
0000
0000
0000
0000
0000
0000
0000
0000
0000
0000
0000
0000
0000
0000
0000
0000
0000
0000
0000
0000
0000
0000
0000
0000
0000
0000
0000
0000
0000
0000
0000
0000
0000
0000
0000
0000
0000
0000
0000
0000
0000
0000
0000
0000
0000
0000
0000
0000
0000
0000
0000
0000
0000
0000
0000
0000
0000
0000
0000
0000
0000
0000
0000
0210
0000
0044
4154
414c
4f47
4745
5220
2d20
4341
4e06
0606
0606
0606
0606
0000
0000
0000
0000
0000
0000
0000
0000
0000
0000
0000
0000
0000
0000
0000
0000
0000
0000
0000
0000
0000
0000
0000
0000
0000
0000
0000
0000
0000
0000
0000
0000
0000
0000
0000
0000
0000
0000
0000
0000
0000
0000
0000
0000
0000
0000
0000
0000
0000
0000
0000
0000
0000
0000
0000
0000
0000
0000
0000
0000
0000
0000
0000
0000
0000
0000
0000
0000
0000
0000
0000
0000
0000
0000
0000
0000
0000
0000
0000
0000
0000
0000
0000
0000
0300
0000
3530
3036
0d0a
0100
0100
0511
0603
0000
0000
0000
f03f
b21f
0601
0001
0001
0001
0004
0000
3530
3030
0d0a
0000
0000
0000
0006
0600
0000
0000
0000
0000
0003
0001
0035
3030
360d
0a01
0001
0005
1106
0300
0000
0000
0000
00b2
1f06
0100
0100
0100
0100
0400
0035
3030
300d
0a00
0000
0000
0000
0606
0000
0000
0000
0000
0000
0300
0000
3530
3039
0d0a
0100
0100
0511
0603
0000
0000
0000
f03f
b31f
0601
0001
0001
0001
0004
0000
3530
3030
0d0a
0000
0000
0000
0006
0600
0000
0000
0000
0000
0003
0001
0035
3030
390d
0a01
0001
0005
1106
0300
0000
0000
0000
00b3
1f06
0100
0100
0100
0100
0400
0035
3030
300d
0a00
0000
0000
0000
0606
0000
0000
0000
0000
0000
0300
0000
3530
3130
0d0a
0100
0100
0511
0603
0000
0000
0000
f03f
b41f
0601
0001
0001
0001
0004
0000
3530
3030
0d0a
0000
0000
0000
0006
0600
0000
0000
0000
0000
0003
0001
0035
3031
300d
0a01
0001
0005
1106
0300
0000
0000
0000
00b4
1f06
0100
0100
0100
0100
0400
0035
3030
300d
0a00
0000
0000
0000
0606
0000
0000
0000
0000
0000
0000
0000
0000
0000
0000
0000
0000
0000
0000
0000
0000
0000
0000
0000
0000
0000
0000
0000
0000
0000
0000
0000
0000
0000
0000
0000
0000
0000
0000
0000
0000
0000
0000
0000
0300
0000
3530
3131
0d0a
0100
0100
0511
0603
0000
0000
0000
f03f
b51f
0601
0001
0001
0001
0004
0000
3530
3030
0d0a
0000
0000
0000
0006
0600
0000
0000
0000
0000
0003
0001
0035
3031
310d
0a01
0001
0005
1106
0300
0000
0000
0000
00b5
1f06
0100
0100
0100
0100
0400
0035
3030
300d
0a00
0000
0000
0000
0606
0000
0000
0000
0000
0000
0300
0000
3531
3033
0d0a
0100
0100
0511
0603
0000
0000
0000
f03f
b61f
0601
0001
0001
0001
0004
0000
3530
3030
0d0a
0000
0000
0000
0006
0600
0000
0000
0000
0000
0003
0001
0035
3130
330d
0a01
0001
0005
1106
0300
0000
0000
0000
00b6
1f06
0100
0100
0100
0100
0400
0035
3030
300d
0a00
0000
0000
0000
0606
0000
0000
0000
0000
0000
0300
0000
3530
3132
0d0a
0100
0100
0511
0603
0000
0000
0000
f03f
b71f
0601
0001
0001
0001
0004
0000
3530
3030
0d0a
0000
0000
0000
0006
0600
0000
0000
0000
0000
0003
0001
0035
3031
320d
0a01
0001
0005
1106
0300
0000
0000
0000
00b7
1f06
0100
0100
0100
0100
0400
0035
3030
300d
0a00
0000
0000
0000
0606
0000
0000
0000
0000
0000
0000
0000
0000
0000
0000
0000
0000
0000
0000
0000
0000
0000
0000
0000
0000
0000
0000
0000
0000
0000
0000
0000
0000
0000
0000
0000
0000
0000
0000
0000
0000
0000
0000
0000
0300
0000
3531
3036
0d0a
0100
0100
0511
0603
0000
0000
0000
f03f
b91f
0601
0001
0001
0001
0004
0000
3530
3030
0d0a
0000
0000
0000
0006
0600
0000
0000
0000
0000
0003
0001
0035
3130
360d
0a01
0001
0005
1106
0300
0000
0000
0000
00b9
1f06
0100
0100
0100
0100
0400
0035
3030
300d
0a00
0000
0000
0000
0606
0000
0000
0000
0000
0000
0300
0002
310d
0a01
0001
0005
1106
0300
0000
0000
00f0
3fba
1f06
0100
0100
0100
0100
0400
0035
3030
300d
0a00
0000
0000
0000
0606
0000
0000
0000
0000
0000
0300
0102
310d
0a01
0001
0005
1106
0300
0000
0000
0000
00ba
1f06
0100
0100
0100
0100
0400
0035
3030
300d
0a00
0000
0000
0000
0606
0000
0000
0000
0000
0000
0000
0000
0000
0000
0000
0000
0000
0000
0000
0000
0100
0100
0100
0511
0303
0000
0000
00db
bf40
bb1f
0601
0001
0001
0001
0004
0000
3530
3030
0d0a
0000
0000
0000
0006
0600
0000
0000
0000
0000
0000
0000
0000
0000
0000
0000
0000
0000
0000
0000
0000
0000
0000
0000
0000
0000
0000
0000
0000
0000
0000
0000
0000
0000
0000
0000
0000
0000
0000
0000
0000
0000
0000
0000
00