01ea
1378
0005
0000
565e
2516
cefd
9257
0300
0000
0300
0000
0300
0000
0300
0000
0300
0000
0300
0000
0e06
5645
4c5f
4b4d
480d
0a03
3161
5f56
454c
0d0a
0332
615f
5645
4c0d
0a03
3361
5f56
454c
0d0a
0334
615f
5645
4c0d
0a03
4d41
585f
5645
4c0d
0a03
316f
5f54
4f52
510d
0a03
326f
5f54
4f52
510d
0a03
336f
5f54
4f52
510d
0a03
346f
5f54
4f52
510d
0a03
4d41
5854
4f52
510d
0a03
4155
585f
310d
0a03
4155
585f
320d
0a03
4c41
4444
4552
0d0a
0125
544f
5251
5545
0d0a
0331
6f4e
4956
454c
0d0a
0132
6f4e
4956
454c
0d0a
0133
6f4e
4956
454c
0d0a
0134
6f4e
4956
454c
0d0a
0135
6f4e
4956
454c
0d0a
0100
0000
0000
0000
0000
0000
0000
0000
0000
0000
0000
0000
0000
0000
0000
0000
0000
d59f
1b3e
5249
9452
0000
0216
0000
0031
6f20
4ecd
5645
4c20
4445
2043
4f4d
5041
5241
c7c3
4f06
0606
0606
0606
0606
0100
0100
0100
0100
0516
0600
0000
0e00
0000
0000
0000
000e
0000
0000
0000
f03f
0106
0100
0100
0100
0400
0e31
370d
0a00
0000
0000
0000
0000
0606
0000
0000
0000
0000
0000
0000
0000
0000
0606
0000
0000
0000
0000
0211
0000
0025
544f
5251
5545
203d
2031
6f5f
544f
5251
0606
0606
0606
0606
0603
0000
0e31
370d
0a01
0001
0001
0005
110e
0e00
0000
0000
0018
4010
0006
0100
0100
0100
0400
0e31
330d
0a00
0000
0000
0000
0000
0606
0000
0000
0000
0000
0000
0000
0000
0000
0000
0000
0000
0000
0000
0000
0000
0000
0000
0000
0000
0000
0000
0000
0000
0000
0000
0000
0000
0000
0000
0000
0000
0000
0000
0000
0000
0000
0000
0000
0000
0000
0000
0000
0000
0000
0000
0000
0000
0000
0000
0000
0000
0000
0000
0000
0000
0000
0000
0000
0000
0000
0000
0000
0000
0000
0000
0000
0000
0000
0000
0000
0000
0000
0000
0000
0000
0000
0000
0000
0000
0000
0000
0000
0000
0000
0800
0000
316f
2050
4f4e
544f
0000
0000
0216
0000
0032
6f20
4ecd
5645
4c20
4445
2043
4f4d
5041
5241
c7c3
4f06
0606
0606
0606
0606
0300
010e
3137
0d0a
0100
0100
0100
0100
0100
0516
0600
0000
0e00
0000
0000
0000
000e
0000
0000
0000
0040
0106
0100
0400
0e31
380d
0a00
0000
0000
0000
0000
0000
0000
0606
0000
0000
0000
0000
0000
0000
0000
0000
0606
0000
0000
023e
0000
0056
4152
5f56
454c
203d
2032
615f
5645
4c20
2d20
3161
5f56
454c
2020
2020
7c20
2020
2056
4152
5f54
4f52
5120
3d20
326f
5f54
4f52
5120
2d20
316f
5f54
4f52
5106
0606
0606
0606
0606
0100
0100
0515
0200
0000
0e00
0000
0000
0000
400e
0000
0000
0000
f03f
0b00
0000
01ff
0000
0000
0eff
0000
0000
ff00
0000
00ff
0000
0000
0601
0001
0005
1502
0000
000e
0000
0000
0000
1c40
0e00
0000
0000
0018
400c
0000
0001
ff00
0000
000e
ff00
0000
00ff
0000
0000
ff00
0000
0006
0100
0400
0e31
330d
0a00
0000
0000
0606
0000
0000
0606
0000
0000
0000
0000
0606
0000
0000
0606
0000
0000
0245
0000
0025
544f
5251
5545
203d
2031
6f5f
544f
5251
202b
2028
2028
2056
4152
5f54
4f52
5120
2f20
5641
525f
5645
4c20
2920
7820
2820
5645
4c5f
4b4d
4820
2d20
3161
5f56
454c
2029
2029
0606
0606
0606
0606
0601
0001
0005
1504
0000
000e
0000
0000
0000
2840
0e00
0000
0000
0026
400c
0000
0001
ff00
0000
000e
ff00
0000
00ff
0000
0000
ff00
0000
0006
0100
0100
0515
0200
0000
0e00
0000
0000
0000
000e
0000
0000
0000
f03f
0b00
0000
01ff
0000
0000
0eff
0000
0000
ff00
0000
00ff
0000
0000
0601
0004
000e
3133
0d0a
0000
0000
0006
0600
0000
0006
0600
0000
0000
0000
0006
0600
0000
0006
0600
0000
0003
0000
0e31
380d
0a01
0005
1503
0000
000e
0000
0000
0000
2640
0e00
0000
0000
0028
400c
0000
0001
ff00
0000
000e
ff00
0000
00ff
0000
0000
ff00
0000
0006
0100
0100
0515
0100
0000
0e00
0000
0000
0018
400e
0000
0000
0000
2840
1000
0000
01ff
0000
0000
0eff
0000
0000
ff00
0000
00ff
0000
0000
0601
0004
000e
3133
0d0a
0000
0000
0006
0600
0000
0006
0600
0000
0000
0000
0006
0600
0000
0006
0600
0000
0008
0000
0032
6f20
504f
4e54
4f00
0000
0002
1600
0000
336f
204e
cd56
454c
2044
4520
434f
4d50
4152
41c7
c34f
0606
0606
0606
0606
0603
0001
0e31
370d
0a01
0003
0001
0e31
380d
0a01
0001
0001
0005
1606
0000
000e
0000
0000
0000
0000
0e00
0000
0000
0008
4001
0601
0004
000e
3139
0d0a
0000
0000
0000
0000
0000
0000
0006
0600
0000
0000
0000
0000
0000
0000
0000
0006
0600
0000
0002
3e00
0000
5641
525f
5645
4c20
3d20
3361
5f56
454c
202d
2032
615f
5645
4c20
2020
207c
2020
2020
5641
525f
544f
5251
203d
2033
6f5f
544f
5251
202d
2032
6f5f
544f
5251
0606
0606
0606
0606
0601
0001
0005
1502
0000
000e
0000
0000
0000
0840
0e00
0000
0000
0000
400b
0000
0001
ff00
0000
000e
ff00
0000
00ff
0000
0000
ff00
0000
0006
0100
0100
0515
0200
0000
0e00
0000
0000
0020
400e
0000
0000
0000
1c40
0c00
0000
01ff
0000
0000
0eff
0000
0000
ff00
0000
00ff
0000
0000
0601
0004
000e
3133
0d0a
0000
0000
0006
0600
0000
0006
0600
0000
0000
0000
0006
0600
0000
0006
0600
0000
0002
4500
0000
2554
4f52
5155
4520
3d20
326f
5f54
4f52
5120
2b20
2820
2820
5641
525f
544f
5251
202f
2056
4152
5f56
454c
2029
2078
2028
2056
454c
5f4b
4d48
202d
2032
615f
5645
4c20
2920
2906
0606
0606
0606
0606
0100
0100
0515
0400
0000
0e00
0000
0000
0028
400e
0000
0000
0000
2640
0c00
0000
01ff
0000
0000
0eff
0000
0000
ff00
0000
00ff
0000
0000
0601
0001
0005
1502
0000
000e
0000
0000
0000
0000
0e00
0000
0000
0000
400b
0000
0001
ff00
0000
000e
ff00
0000
00ff
0000
0000
ff00
0000
0006
0100
0400
0e31
330d
0a00
0000
0000
0606
0000
0000
0606
0000
0000
0000
0000
0606
0000
0000
0606
0000
0000
0300
000e
3139
0d0a
0100
0515
0300
0000
0e00
0000
0000
0026
400e
0000
0000
0000
2840
0c00
0000
01ff
0000
0000
0eff
0000
0000
ff00
0000
00ff
0000
0000
0601
0001
0005
1501
0000
000e
0000
0000
0000
1c40
0e00
0000
0000
0028
4010
0000
0001
ff00
0000
000e
ff00
0000
00ff
0000
0000
ff00
0000
0006
0100
0400
0e31
330d
0a00
0000
0000
0606
0000
0000
0606
0000
0000
0000
0000
0606
0000
0000
0606
0000
0000
0800
0000
336f
2050
4f4e
544f
0000
0000
0216
0000
0034
6f20
4ecd
5645
4c20
4445
2043
4f4d
5041
5241
c7c3
4f06
0606
0606
0606
0606
0300
010e
3137
0d0a
0100
0300
010e
3138
0d0a
0100
0300
010e
3139
0d0a
0100
0516
0600
0000
0e00
0000
0000
0000
000e
0000
0000
0000
1040
0106
0100
0400
0e32
300d
0a00
0000
0000
0000
0000
0000
0000
0606
0000
0000
0000
0000
0000
0000
0000
0000
0606
0000
0000
023e
0000
0056
4152
5f56
454c
203d
2034
615f
5645
4c20
2d20
3361
5f56
454c
2020
2020
7c20
2020
2056
4152
5f54
4f52
5120
3d20
346f
5f54
4f52
5120
2d20
336f
5f54
4f52
5106
0606
0606
0606
0606
0100
0100
0515
0200
0000
0e00
0000
0000
0010
400e
0000
0000
0000
0840
0b00
0000
01ff
0000
0000
0eff
0000
0000
ff00
0000
00ff
0000
0000
0601
0001
0005
1502
0000
000e
0000
0000
0000
2240
0e00
0000
0000
0020
400c
0000
0001
ff00
0000
000e
ff00
0000
00ff
0000
0000
ff00
0000
0006
0100
0400
0e31
330d
0a00
0000
0000
0606
0000
0000
0606
0000
0000
0000
0000
0606
0000
0000
0606
0000
0000
0245
0000
0025
544f
5251
5545
203d
2033
6f5f
544f
5251
202b
2028
2028
2056
4152
5f54
4f52
5120
2f20
5641
525f
5645
4c20
2920
7820
2820
5645
4c5f
4b4d
4820
2d20
3361
5f56
454c
2029
2029
0606
0606
0606
0606
0601
0001
0005
1504
0000
000e
0000
0000
0000
2840
0e00
0000
0000
0026
400c
0000
0001
ff00
0000
000e
ff00
0000
00ff
0000
0000
ff00
0000
0006
0100
0100
0515
0200
0000
0e00
0000
0000
0000
000e
0000
0000
0000
0840
0b00
0000
01ff
0000
0000
0eff
0000
0000
ff00
0000
00ff
0000
0000
0601
0004
000e
3133
0d0a
0000
0000
0006
0600
0000
0006
0600
0000
0000
0000
0006
0600
0000
0006
0600
0000
0003
0000
0e32
300d
0a01
0005
1503
0000
000e
0000
0000
0000
2640
0e00
0000
0000
0028
400c
0000
0001
ff00
0000
000e
ff00
0000
00ff
0000
0000
ff00
0000
0006
0100
0100
0515
0100
0000
0e00
0000
0000
0020
400e
0000
0000
0000
2840
1000
0000
01ff
0000
0000
0eff
0000
0000
ff00
0000
00ff
0000
0000
0601
0004
000e
3133
0d0a
0000
0000
0006
0600
0000
0006
0600
0000
0000
0000
0006
0600
0000
0006
0600
0000
0008
0000
0034
6f20
504f
4e54
4f00
0000
0002
1600
0000
356f
204e
cd56
454c
2044
4520
434f
4d50
4152
41c7
c34f
0606
0606
0606
0606
0603
0001
0e31
370d
0a01
0003
0001
0e31
380d
0a01
0003
0001
0e31
390d
0a01
0003
0001
0e32
300d
0a01
0001
0004
000e
3231
0d0a
0002
3e00
0000
5641
525f
5645
4c20
3d20
3561
5f56
454c
202d
2034
615f
5645
4c20
2020
207c
2020
2020
5641
525f
544f
5251
203d
2035
6f5f
544f
5251
202d
2034
6f5f
544f
5251
0606
0606
0606
0606
0601
0001
0005
1502
0000
000e
0000
0000
0000
1440
0e00
0000
0000
0010
400b
0000
0001
ff00
0000
000e
ff00
0000
00ff
0000
0000
ff00
0000
0006
0100
0100
0515
0200
0000
0e00
0000
0000
0024
400e
0000
0000
0000
2240
0c00
0000
01ff
0000
0000
0eff
0000
0000
ff00
0000
00ff
0000
0000
0601
0004
000e
3133
0d0a
0000
0000
0006
0600
0000
0006
0600
0000
0000
0000
0006
0600
0000
0006
0600
0000
0002
4500
0000
2554
4f52
5155
4520
3d20
346f
5f54
4f52
5120
2b20
2820
2820
5641
525f
544f
5251
202f
2056
4152
5f56
454c
2029
2078
2028
2056
454c
5f4b
4d48
202d
2034
615f
5645
4c20
2920
2906
0606
0606
0606
0606
0100
0100
0515
0400
0000
0e00
0000
0000
0028
400e
0000
0000
0000
2640
0c00
0000
01ff
0000
0000
0eff
0000
0000
ff00
0000
00ff
0000
0000
0601
0001
0005
1502
0000
000e
0000
0000
0000
0000
0e00
0000
0000
0010
400b
0000
0001
ff00
0000
000e
ff00
0000
00ff
0000
0000
ff00
0000
0006
0100
0400
0e31
330d
0a00
0000
0000
0606
0000
0000
0606
0000
0000
0000
0000
0606
0000
0000
0606
0000
0000
0300
000e
3231
0d0a
0100
0515
0300
0000
0e00
0000
0000
0026
400e
0000
0000
0000
2840
0c00
0000
01ff
0000
0000
0eff
0000
0000
ff00
0000
00ff
0000
0000
0601
0001
0005
1501
0000
000e
0000
0000
0000
2240
0e00
0000
0000
0028
4010
0000
0001
ff00
0000
000e
ff00
0000
00ff
0000
0000
ff00
0000
0006
0100
0400
0e31
330d
0a00
0000
0000
0606
0000
0000
0606
0000
0000
0000
0000
0606
0000
0000
0606
0000
0000
0000
0000
0000
0000
0000
0000
0000
0000
0000
0000
0000
0000
0000
0000
0000
0000
0000
0000
0000
0000
0800
0000
356f
2050
4f4e
544f
0000
0000